# t x1 v1 x2 v2 E_kin E_pot E_tot
0.00000 0.10000 0.00000 -0.10000 0.00000 0.00000 0.02000 0.02000
0.01000 0.09999 -0.00200 -0.09999 0.00200 0.00000 0.02000 0.02000
0.02000 0.09996 -0.00400 -0.09996 0.00400 0.00002 0.01998 0.02000
0.03000 0.09991 -0.00600 -0.09991 0.00600 0.00004 0.01996 0.02000
0.04000 0.09984 -0.00800 -0.09984 0.00800 0.00006 0.01994 0.02000
0.05000 0.09975 -0.00999 -0.09975 0.00999 0.00010 0.01990 0.02000
0.06000 0.09964 -0.01199 -0.09964 0.01199 0.00014 0.01986 0.02000
0.07000 0.09951 -0.01398 -0.09951 0.01398 0.00020 0.01980 0.02000
0.08000 0.09936 -0.01597 -0.09936 0.01597 0.00025 0.01975 0.02000
0.09000 0.09919 -0.01795 -0.09919 0.01795 0.00032 0.01968 0.02000
0.10000 0.09900 -0.01993 -0.09900 0.01993 0.00040 0.01960 0.02000
0.11000 0.09879 -0.02191 -0.09879 0.02191 0.00048 0.01952 0.02000
0.12000 0.09856 -0.02388 -0.09856 0.02388 0.00057 0.01943 0.02000
0.13000 0.09831 -0.02585 -0.09831 0.02585 0.00067 0.01933 0.02000
0.14000 0.09805 -0.02782 -0.09805 0.02782 0.00077 0.01923 0.02000
0.15000 0.09776 -0.02978 -0.09776 0.02978 0.00089 0.01911 0.02000
0.16000 0.09745 -0.03173 -0.09745 0.03173 0.00101 0.01899 0.02000
0.17000 0.09712 -0.03367 -0.09712 0.03367 0.00113 0.01887 0.02000
0.18000 0.09678 -0.03561 -0.09678 0.03561 0.00127 0.01873 0.02000
0.19000 0.09641 -0.03754 -0.09641 0.03754 0.00141 0.01859 0.02000
0.20000 0.09603 -0.03947 -0.09603 0.03947 0.00156 0.01844 0.02000
0.21000 0.09562 -0.04139 -0.09562 0.04139 0.00171 0.01829 0.02000
0.22000 0.09520 -0.04329 -0.09520 0.04329 0.00187 0.01813 0.02000
0.23000 0.09476 -0.04519 -0.09476 0.04519 0.00204 0.01796 0.02000
0.24000 0.09430 -0.04708 -0.09430 0.04708 0.00222 0.01778 0.02000
0.25000 0.09381 -0.04896 -0.09381 0.04896 0.00240 0.01760 0.02000
0.26000 0.09332 -0.05084 -0.09332 0.05084 0.00258 0.01742 0.02000
0.27000 0.09280 -0.05270 -0.09280 0.05270 0.00278 0.01722 0.02000
0.28000 0.09226 -0.05455 -0.09226 0.05455 0.00298 0.01702 0.02000
0.29000 0.09171 -0.05639 -0.09171 0.05639 0.00318 0.01682 0.02000
0.30000 0.09113 -0.05822 -0.09113 0.05822 0.00339 0.01661 0.02000
0.31000 0.09054 -0.06003 -0.09054 0.06003 0.00360 0.01640 0.02000
0.32000 0.08993 -0.06184 -0.08993 0.06184 0.00382 0.01618 0.02000
0.33000 0.08931 -0.06363 -0.08931 0.06363 0.00405 0.01595 0.02000
0.34000 0.08866 -0.06541 -0.08866 0.06541 0.00428 0.01572 0.02000
0.35000 0.08800 -0.06718 -0.08800 0.06718 0.00451 0.01549 0.02000
0.36000 0.08732 -0.06893 -0.08732 0.06893 0.00475 0.01525 0.02000
0.37000 0.08662 -0.07067 -0.08662 0.07067 0.00499 0.01501 0.02000
0.38000 0.08590 -0.07239 -0.08590 0.07239 0.00524 0.01476 0.02000
0.39000 0.08517 -0.07411 -0.08517 0.07411 0.00549 0.01451 0.02000
0.40000 0.08442 -0.07580 -0.08442 0.07580 0.00575 0.01425 0.02000
0.41000 0.08366 -0.07748 -0.08366 0.07748 0.00600 0.01400 0.02000
0.42000 0.08287 -0.07915 -0.08287 0.07915 0.00626 0.01374 0.02000
0.43000 0.08207 -0.08080 -0.08207 0.08080 0.00653 0.01347 0.02000
0.44000 0.08126 -0.08243 -0.08126 0.08243 0.00679 0.01321 0.02000
0.45000 0.08042 -0.08405 -0.08042 0.08405 0.00706 0.01294 0.02000
0.46000 0.07958 -0.08565 -0.07958 0.08565 0.00734 0.01266 0.02000
0.47000 0.07871 -0.08723 -0.07871 0.08723 0.00761 0.01239 0.02000
0.48000 0.07783 -0.08880 -0.07783 0.08880 0.00788 0.01212 0.02000
0.49000 0.07694 -0.09034 -0.07694 0.09034 0.00816 0.01184 0.02000
0.50000 0.07602 -0.09187 -0.07602 0.09187 0.00844 0.01156 0.02000
0.51000 0.07510 -0.09338 -0.07510 0.09338 0.00872 0.01128 0.02000
0.52000 0.07416 -0.09488 -0.07416 0.09488 0.00900 0.01100 0.02000
0.53000 0.07320 -0.09635 -0.07320 0.09635 0.00928 0.01072 0.02000
0.54000 0.07223 -0.09780 -0.07223 0.09780 0.00957 0.01043 0.02000
0.55000 0.07124 -0.09924 -0.07124 0.09924 0.00985 0.01015 0.02000
0.56000 0.07025 -0.10065 -0.07025 0.10065 0.01013 0.00987 0.02000
0.57000 0.06923 -0.10205 -0.06923 0.10205 0.01041 0.00959 0.02000
0.58000 0.06820 -0.10342 -0.06820 0.10342 0.01070 0.00930 0.02000
0.59000 0.06716 -0.10478 -0.06716 0.10478 0.01098 0.00902 0.02000
0.60000 0.06611 -0.10611 -0.06611 0.10611 0.01126 0.00874 0.02000
0.61000 0.06504 -0.10742 -0.06504 0.10742 0.01154 0.00846 0.02000
0.62000 0.06396 -0.10871 -0.06396 0.10871 0.01182 0.00818 0.02000
0.63000 0.06287 -0.10998 -0.06287 0.10998 0.01210 0.00790 0.02000
0.64000 0.06176 -0.11123 -0.06176 0.11123 0.01237 0.00763 0.02000
0.65000 0.06064 -0.11245 -0.06064 0.11245 0.01264 0.00736 0.02000
0.66000 0.05951 -0.11365 -0.05951 0.11365 0.01292 0.00708 0.02000
0.67000 0.05837 -0.11483 -0.05837 0.11483 0.01319 0.00681 0.02000
0.68000 0.05722 -0.11599 -0.05722 0.11599 0.01345 0.00655 0.02000
0.69000 0.05605 -0.11712 -0.05605 0.11712 0.01372 0.00628 0.02000
0.70000 0.05487 -0.11823 -0.05487 0.11823 0.01398 0.00602 0.02000
0.71000 0.05369 -0.11931 -0.05369 0.11931 0.01424 0.00576 0.02000
0.72000 0.05249 -0.12038 -0.05249 0.12038 0.01449 0.00551 0.02000
0.73000 0.05128 -0.12141 -0.05128 0.12141 0.01474 0.00526 0.02000
0.74000 0.05006 -0.12243 -0.05006 0.12243 0.01499 0.00501 0.02000
0.75000 0.04883 -0.12342 -0.04883 0.12342 0.01523 0.00477 0.02000
0.76000 0.04759 -0.12438 -0.04759 0.12438 0.01547 0.00453 0.02000
0.77000 0.04634 -0.12532 -0.04634 0.12532 0.01570 0.00430 0.02000
0.78000 0.04508 -0.12623 -0.04508 0.12623 0.01593 0.00407 0.02000
0.79000 0.04382 -0.12712 -0.04382 0.12712 0.01616 0.00384 0.02000
0.80000 0.04254 -0.12799 -0.04254 0.12799 0.01638 0.00362 0.02000
0.81000 0.04126 -0.12882 -0.04126 0.12882 0.01660 0.00340 0.02000
0.82000 0.03997 -0.12964 -0.03997 0.12964 0.01681 0.00319 0.02000
0.83000 0.03867 -0.13042 -0.03867 0.13042 0.01701 0.00299 0.02000
0.84000 0.03736 -0.13118 -0.03736 0.13118 0.01721 0.00279 0.02000
0.85000 0.03604 -0.13192 -0.03604 0.13192 0.01740 0.00260 0.02000
0.86000 0.03472 -0.13262 -0.03472 0.13262 0.01759 0.00241 0.02000
0.87000 0.03339 -0.13331 -0.03339 0.13331 0.01777 0.00223 0.02000
0.88000 0.03205 -0.13396 -0.03205 0.13396 0.01795 0.00205 0.02000
0.89000 0.03071 -0.13459 -0.03071 0.13459 0.01811 0.00189 0.02000
0.90000 0.02936 -0.13519 -0.02936 0.13519 0.01828 0.00172 0.02000
0.91000 0.02801 -0.13576 -0.02801 0.13576 0.01843 0.00157 0.02000
0.92000 0.02665 -0.13631 -0.02665 0.13631 0.01858 0.00142 0.02000
0.93000 0.02528 -0.13683 -0.02528 0.13683 0.01872 0.00128 0.02000
0.94000 0.02391 -0.13732 -0.02391 0.13732 0.01886 0.00114 0.02000
0.95000 0.02253 -0.13778 -0.02253 0.13778 0.01898 0.00102 0.02000
0.96000 0.02115 -0.13822 -0.02115 0.13822 0.01911 0.00089 0.02000
0.97000 0.01977 -0.13863 -0.01977 0.13863 0.01922 0.00078 0.02000
0.98000 0.01838 -0.13901 -0.01838 0.13901 0.01932 0.00068 0.02000
0.99000 0.01699 -0.13937 -0.01699 0.13937 0.01942 0.00058 0.02000
1.00000 0.01559 -0.13969 -0.01559 0.13969 0.01951 0.00049 0.02000
1.01000 0.01420 -0.13999 -0.01420 0.13999 0.01960 0.00040 0.02000
1.02000 0.01279 -0.14026 -0.01279 0.14026 0.01967 0.00033 0.02000
1.03000 0.01139 -0.14050 -0.01139 0.14050 0.01974 0.00026 0.02000
1.04000 0.00998 -0.14071 -0.00998 0.14071 0.01980 0.00020 0.02000
1.05000 0.00858 -0.14090 -0.00858 0.14090 0.01985 0.00015 0.02000
1.06000 0.00717 -0.14106 -0.00717 0.14106 0.01990 0.00010 0.02000
1.07000 0.00576 -0.14119 -0.00576 0.14119 0.01993 0.00007 0.02000
1.08000 0.00434 -0.14129 -0.00434 0.14129 0.01996 0.00004 0.02000
1.09000 0.00293 -0.14136 -0.00293 0.14136 0.01998 0.00002 0.02000
1.10000 0.00152 -0.14141 -0.00152 0.14141 0.02000 0.00000 0.02000
1.11000 0.00010 -0.14142 -0.00010 0.14142 0.02000 0.00000 0.02000
1.12000 -0.00131 -0.14141 0.00131 0.14141 0.02000 0.00000 0.02000
1.13000 -0.00273 -0.14137 0.00273 0.14137 0.01999 0.00001 0.02000
1.14000 -0.00414 -0.14130 0.00414 0.14130 0.01997 0.00003 0.02000
1.15000 -0.00555 -0.14120 0.00555 0.14120 0.01994 0.00006 0.02000
1.16000 -0.00696 -0.14108 0.00696 0.14108 0.01990 0.00010 0.02000
1.17000 -0.00837 -0.14092 0.00837 0.14092 0.01986 0.00014 0.02000
1.18000 -0.00978 -0.14074 0.00978 0.14074 0.01981 0.00019 0.02000
1.19000 -0.01119 -0.14053 0.01119 0.14053 0.01975 0.00025 0.02000
1.20000 -0.01259 -0.14030 0.01259 0.14030 0.01968 0.00032 0.02000
1.21000 -0.01399 -0.14003 0.01399 0.14003 0.01961 0.00039 0.02000
1.22000 -0.01539 -0.13974 0.01539 0.13974 0.01953 0.00047 0.02000
1.23000 -0.01679 -0.13941 0.01679 0.13941 0.01944 0.00056 0.02000
1.24000 -0.01818 -0.13906 0.01818 0.13906 0.01934 0.00066 0.02000
1.25000 -0.01957 -0.13869 0.01957 0.13869 0.01923 0.00077 0.02000
1.26000 -0.02095 -0.13828 0.02095 0.13828 0.01912 0.00088 0.02000
1.27000 -0.02234 -0.13785 0.02234 0.13785 0.01900 0.00100 0.02000
1.28000 -0.02371 -0.13739 0.02371 0.13739 0.01888 0.00112 0.02000
1.29000 -0.02508 -0.13690 0.02508 0.13690 0.01874 0.00126 0.02000
1.30000 -0.02645 -0.13638 0.02645 0.13638 0.01860 0.00140 0.02000
1.31000 -0.02781 -0.13584 0.02781 0.13584 0.01845 0.00155 0.02000
1.32000 -0.02917 -0.13527 0.02917 0.13527 0.01830 0.00170 0.02000
1.33000 -0.03052 -0.13468 0.03052 0.13468 0.01814 0.00186 0.02000
1.34000 -0.03186 -0.13405 0.03186 0.13405 0.01797 0.00203 0.02000
1.35000 -0.03320 -0.13340 0.03320 0.13340 0.01780 0.00220 0.02000
1.36000 -0.03453 -0.13272 0.03453 0.13272 0.01762 0.00238 0.02000
1.37000 -0.03585 -0.13202 0.03585 0.13202 0.01743 0.00257 0.02000
1.38000 -0.03717 -0.13129 0.03717 0.13129 0.01724 0.00276 0.02000
1.39000 -0.03848 -0.13053 0.03848 0.13053 0.01704 0.00296 0.02000
1.40000 -0.03978 -0.12975 0.03978 0.12975 0.01684 0.00316 0.02000
1.41000 -0.04107 -0.12894 0.04107 0.12894 0.01663 0.00337 0.02000
1.42000 -0.04236 -0.12811 0.04236 0.12811 0.01641 0.00359 0.02000
1.43000 -0.04363 -0.12725 0.04363 0.12725 0.01619 0.00381 0.02000
1.44000 -0.04490 -0.12636 0.04490 0.12636 0.01597 0.00403 0.02000
1.45000 -0.04616 -0.12545 0.04616 0.12545 0.01574 0.00426 0.02000
1.46000 -0.04741 -0.12452 0.04741 0.12452 0.01550 0.00450 0.02000
1.47000 -0.04865 -0.12356 0.04865 0.12356 0.01527 0.00473 0.02000
1.48000 -0.04988 -0.12257 0.04988 0.12257 0.01502 0.00498 0.02000
1.49000 -0.05110 -0.12156 0.05110 0.12156 0.01478 0.00522 0.02000
1.50000 -0.05231 -0.12053 0.05231 0.12053 0.01453 0.00547 0.02000
1.51000 -0.05351 -0.11947 0.05351 0.11947 0.01427 0.00573 0.02000
1.52000 -0.05470 -0.11839 0.05470 0.11839 0.01402 0.00598 0.02000
1.53000 -0.05588 -0.11728 0.05588 0.11728 0.01375 0.00625 0.02000
1.54000 -0.05705 -0.11615 0.05705 0.11615 0.01349 0.00651 0.02000
1.55000 -0.05820 -0.11500 0.05820 0.11500 0.01322 0.00678 0.02000
1.56000 -0.05935 -0.11382 0.05935 0.11382 0.01296 0.00704 0.02000
1.57000 -0.06048 -0.11262 0.06048 0.11262 0.01268 0.00732 0.02000
1.58000 -0.06160 -0.11140 0.06160 0.11140 0.01241 0.00759 0.02000
1.59000 -0.06271 -0.11016 0.06271 0.11016 0.01214 0.00786 0.02000
1.60000 -0.06380 -0.10890 0.06380 0.10890 0.01186 0.00814 0.02000
1.61000 -0.06489 -0.10761 0.06489 0.10761 0.01158 0.00842 0.02000
1.62000 -0.06596 -0.10630 0.06596 0.10630 0.01130 0.00870 0.02000
1.63000 -0.06701 -0.10497 0.06701 0.10497 0.01102 0.00898 0.02000
1.64000 -0.06806 -0.10362 0.06806 0.10362 0.01074 0.00926 0.02000
1.65000 -0.06908 -0.10225 0.06908 0.10225 0.01045 0.00955 0.02000
1.66000 -0.07010 -0.10086 0.07010 0.10086 0.01017 0.00983 0.02000
1.67000 -0.07110 -0.09944 0.07110 0.09944 0.00989 0.01011 0.02000
1.68000 -0.07209 -0.09801 0.07209 0.09801 0.00961 0.01039 0.02000
1.69000 -0.07306 -0.09656 0.07306 0.09656 0.00932 0.01068 0.02000
1.70000 -0.07402 -0.09509 0.07402 0.09509 0.00904 0.01096 0.02000
1.71000 -0.07496 -0.09360 0.07496 0.09360 0.00876 0.01124 0.02000
1.72000 -0.07589 -0.09209 0.07589 0.09209 0.00848 0.01152 0.02000
1.73000 -0.07681 -0.09056 0.07681 0.09056 0.00820 0.01180 0.02000
1.74000 -0.07770 -0.08902 0.07770 0.08902 0.00792 0.01208 0.02000
1.75000 -0.07859 -0.08746 0.07859 0.08746 0.00765 0.01235 0.02000
1.76000 -0.07945 -0.08588 0.07945 0.08588 0.00737 0.01263 0.02000
1.77000 -0.08030 -0.08428 0.08030 0.08428 0.00710 0.01290 0.02000
1.78000 -0.08114 -0.08266 0.08114 0.08266 0.00683 0.01317 0.02000
1.79000 -0.08196 -0.08103 0.08196 0.08103 0.00657 0.01343 0.02000
1.80000 -0.08276 -0.07939 0.08276 0.07939 0.00630 0.01370 0.02000
1.81000 -0.08354 -0.07772 0.08354 0.07772 0.00604 0.01396 0.02000
1.82000 -0.08431 -0.07604 0.08431 0.07604 0.00578 0.01422 0.02000
1.83000 -0.08506 -0.07435 0.08506 0.07435 0.00553 0.01447 0.02000
1.84000 -0.08580 -0.07264 0.08580 0.07264 0.00528 0.01472 0.02000
1.85000 -0.08652 -0.07092 0.08652 0.07092 0.00503 0.01497 0.02000
1.86000 -0.08722 -0.06918 0.08722 0.06918 0.00479 0.01521 0.02000
1.87000 -0.08790 -0.06743 0.08790 0.06743 0.00455 0.01545 0.02000
1.88000 -0.08857 -0.06567 0.08857 0.06567 0.00431 0.01569 0.02000
1.89000 -0.08921 -0.06389 0.08921 0.06389 0.00408 0.01592 0.02000
1.90000 -0.08984 -0.06210 0.08984 0.06210 0.00386 0.01614 0.02000
1.91000 -0.09046 -0.06029 0.09046 0.06029 0.00364 0.01636 0.02000
1.92000 -0.09105 -0.05848 0.09105 0.05848 0.00342 0.01658 0.02000
1.93000 -0.09163 -0.05665 0.09163 0.05665 0.00321 0.01679 0.02000
1.94000 -0.09218 -0.05481 0.09218 0.05481 0.00300 0.01700 0.02000
1.95000 -0.09272 -0.05296 0.09272 0.05296 0.00281 0.01719 0.02000
1.96000 -0.09324 -0.05111 0.09324 0.05111 0.00261 0.01739 0.02000
1.97000 -0.09374 -0.04924 0.09374 0.04924 0.00242 0.01758 0.02000
1.98000 -0.09423 -0.04736 0.09423 0.04736 0.00224 0.01776 0.02000
1.99000 -0.09469 -0.04547 0.09469 0.04547 0.00207 0.01793 0.02000
2.00000 -0.09514 -0.04357 0.09514 0.04357 0.00190 0.01810 0.02000
2.01000 -0.09556 -0.04166 0.09556 0.04166 0.00174 0.01826 0.02000
2.02000 -0.09597 -0.03975 0.09597 0.03975 0.00158 0.01842 0.02000
2.03000 -0.09636 -0.03782 0.09636 0.03782 0.00143 0.01857 0.02000
2.04000 -0.09673 -0.03589 0.09673 0.03589 0.00129 0.01871 0.02000
2.05000 -0.09708 -0.03395 0.09708 0.03395 0.00115 0.01885 0.02000
2.06000 -0.09740 -0.03201 0.09740 0.03201 0.00102 0.01898 0.02000
2.07000 -0.09772 -0.03006 0.09772 0.03006 0.00090 0.01910 0.02000
2.08000 -0.09801 -0.02810 0.09801 0.02810 0.00079 0.01921 0.02000
2.09000 -0.09828 -0.02614 0.09828 0.02614 0.00068 0.01932 0.02000
2.10000 -0.09853 -0.02417 0.09853 0.02417 0.00058 0.01942 0.02000
2.11000 -0.09876 -0.02220 0.09876 0.02220 0.00049 0.01951 0.02000
2.12000 -0.09897 -0.02022 0.09897 0.02022 0.00041 0.01959 0.02000
2.13000 -0.09917 -0.01824 0.09917 0.01824 0.00033 0.01967 0.02000
2.14000 -0.09934 -0.01625 0.09934 0.01625 0.00026 0.01974 0.02000
2.15000 -0.09949 -0.01426 0.09949 0.01426 0.00020 0.01980 0.02000
2.16000 -0.09962 -0.01227 0.09962 0.01227 0.00015 0.01985 0.02000
2.17000 -0.09974 -0.01028 0.09974 0.01028 0.00011 0.01989 0.02000
2.18000 -0.09983 -0.00828 0.09983 0.00828 0.00007 0.01993 0.02000
2.19000 -0.09990 -0.00629 0.09990 0.00629 0.00004 0.01996 0.02000
2.20000 -0.09995 -0.00429 0.09995 0.00429 0.00002 0.01998 0.02000
2.21000 -0.09999 -0.00229 0.09999 0.00229 0.00001 0.01999 0.02000
2.22000 -0.10000 -0.00029 0.10000 0.00029 0.00000 0.02000 0.02000
2.23000 -0.09999 0.00171 0.09999 -0.00171 0.00000 0.02000 0.02000
2.24000 -0.09997 0.00371 0.09997 -0.00371 0.00001 0.01999 0.02000
2.25000 -0.09992 0.00571 0.09992 -0.00571 0.00003 0.01997 0.02000
2.26000 -0.09985 0.00771 0.09985 -0.00771 0.00006 0.01994 0.02000
2.27000 -0.09976 0.00970 0.09976 -0.00970 0.00009 0.01991 0.02000
2.28000 -0.09966 0.01170 0.09966 -0.01170 0.00014 0.01986 0.02000
2.29000 -0.09953 0.01369 0.09953 -0.01369 0.00019 0.01981 0.02000
2.30000 -0.09938 0.01568 0.09938 -0.01568 0.00025 0.01975 0.02000
2.31000 -0.09922 0.01767 0.09922 -0.01767 0.00031 0.01969 0.02000
2.32000 -0.09903 0.01965 0.09903 -0.01965 0.00039 0.01961 0.02000
2.33000 -0.09882 0.02163 0.09882 -0.02163 0.00047 0.01953 0.02000
2.34000 -0.09860 0.02360 0.09860 -0.02360 0.00056 0.01944 0.02000
2.35000 -0.09835 0.02557 0.09835 -0.02557 0.00065 0.01935 0.02000
2.36000 -0.09809 0.02753 0.09809 -0.02753 0.00076 0.01924 0.02000
2.37000 -0.09780 0.02949 0.09780 -0.02949 0.00087 0.01913 0.02000
2.38000 -0.09750 0.03145 0.09750 -0.03145 0.00099 0.01901 0.02000
2.39000 -0.09717 0.03339 0.09717 -0.03339 0.00112 0.01888 0.02000
2.40000 -0.09683 0.03533 0.09683 -0.03533 0.00125 0.01875 0.02000
2.41000 -0.09647 0.03727 0.09647 -0.03727 0.00139 0.01861 0.02000
2.42000 -0.09608 0.03919 0.09608 -0.03919 0.00154 0.01846 0.02000
2.43000 -0.09568 0.04111 0.09568 -0.04111 0.00169 0.01831 0.02000
2.44000 -0.09526 0.04302 0.09526 -0.04302 0.00185 0.01815 0.02000
2.45000 -0.09482 0.04492 0.09482 -0.04492 0.00202 0.01798 0.02000
2.46000 -0.09436 0.04681 0.09436 -0.04681 0.00219 0.01781 0.02000
2.47000 -0.09389 0.04869 0.09389 -0.04869 0.00237 0.01763 0.02000
2.48000 -0.09339 0.05057 0.09339 -0.05057 0.00256 0.01744 0.02000
2.49000 -0.09287 0.05243 0.09287 -0.05243 0.00275 0.01725 0.02000
2.50000 -0.09234 0.05428 0.09234 -0.05428 0.00295 0.01705 0.02000
2.51000 -0.09179 0.05612 0.09179 -0.05612 0.00315 0.01685 0.02000
2.52000 -0.09122 0.05795 0.09122 -0.05795 0.00336 0.01664 0.02000
2.53000 -0.09063 0.05977 0.09063 -0.05977 0.00357 0.01643 0.02000
2.54000 -0.09002 0.06158 0.09002 -0.06158 0.00379 0.01621 0.02000
2.55000 -0.08940 0.06337 0.08940 -0.06337 0.00402 0.01598 0.02000
2.56000 -0.08876 0.06515 0.08876 -0.06515 0.00425 0.01575 0.02000
2.57000 -0.08809 0.06692 0.08809 -0.06692 0.00448 0.01552 0.02000
2.58000 -0.08742 0.06868 0.08742 -0.06868 0.00472 0.01528 0.02000
2.59000 -0.08672 0.07042 0.08672 -0.07042 0.00496 0.01504 0.02000
2.60000 -0.08601 0.07215 0.08601 -0.07215 0.00521 0.01479 0.02000
2.61000 -0.08528 0.07386 0.08528 -0.07386 0.00546 0.01454 0.02000
2.62000 -0.08453 0.07556 0.08453 -0.07556 0.00571 0.01429 0.02000
2.63000 -0.08377 0.07724 0.08377 -0.07724 0.00597 0.01403 0.02000
2.64000 -0.08299 0.07891 0.08299 -0.07891 0.00623 0.01377 0.02000
2.65000 -0.08219 0.08056 0.08219 -0.08056 0.00649 0.01351 0.02000
2.66000 -0.08138 0.08220 0.08138 -0.08220 0.00676 0.01324 0.02000
2.67000 -0.08055 0.08381 0.08055 -0.08381 0.00702 0.01298 0.02000
2.68000 -0.07970 0.08542 0.07970 -0.08542 0.00730 0.01270 0.02000
2.69000 -0.07884 0.08700 0.07884 -0.08700 0.00757 0.01243 0.02000
2.70000 -0.07796 0.08857 0.07796 -0.08857 0.00784 0.01216 0.02000
2.71000 -0.07707 0.09012 0.07707 -0.09012 0.00812 0.01188 0.02000
2.72000 -0.07616 0.09165 0.07616 -0.09165 0.00840 0.01160 0.02000
2.73000 -0.07523 0.09317 0.07523 -0.09317 0.00868 0.01132 0.02000
2.74000 -0.07429 0.09466 0.07429 -0.09466 0.00896 0.01104 0.02000
2.75000 -0.07334 0.09614 0.07334 -0.09614 0.00924 0.01076 0.02000
2.76000 -0.07237 0.09760 0.07237 -0.09760 0.00952 0.01048 0.02000
2.77000 -0.07139 0.09903 0.07139 -0.09903 0.00981 0.01019 0.02000
2.78000 -0.07039 0.10045 0.07039 -0.10045 0.01009 0.00991 0.02000
2.79000 -0.06938 0.10185 0.06938 -0.10185 0.01037 0.00963 0.02000
2.80000 -0.06835 0.10323 0.06835 -0.10323 0.01066 0.00934 0.02000
2.81000 -0.06731 0.10458 0.06731 -0.10458 0.01094 0.00906 0.02000
2.82000 -0.06626 0.10592 0.06626 -0.10592 0.01122 0.00878 0.02000
2.83000 -0.06520 0.10723 0.06520 -0.10723 0.01150 0.00850 0.02000
2.84000 -0.06412 0.10853 0.06412 -0.10853 0.01178 0.00822 0.02000
2.85000 -0.06303 0.10980 0.06303 -0.10980 0.01206 0.00794 0.02000
2.86000 -0.06192 0.11105 0.06192 -0.11105 0.01233 0.00767 0.02000
2.87000 -0.06080 0.11227 0.06080 -0.11227 0.01261 0.00739 0.02000
2.88000 -0.05968 0.11348 0.05968 -0.11348 0.01288 0.00712 0.02000
2.89000 -0.05854 0.11466 0.05854 -0.11466 0.01315 0.00685 0.02000
2.90000 -0.05738 0.11582 0.05738 -0.11582 0.01341 0.00659 0.02000
2.91000 -0.05622 0.11696 0.05622 -0.11696 0.01368 0.00632 0.02000
2.92000 -0.05504 0.11807 0.05504 -0.11807 0.01394 0.00606 0.02000
2.93000 -0.05386 0.11916 0.05386 -0.11916 0.01420 0.00580 0.02000
2.94000 -0.05266 0.12022 0.05266 -0.12022 0.01445 0.00555 0.02000
2.95000 -0.05145 0.12126 0.05145 -0.12126 0.01471 0.00529 0.02000
2.96000 -0.05024 0.12228 0.05024 -0.12228 0.01495 0.00505 0.02000
2.97000 -0.04901 0.12327 0.04901 -0.12327 0.01520 0.00480 0.02000
2.98000 -0.04777 0.12424 0.04777 -0.12424 0.01544 0.00456 0.02000
2.99000 -0.04652 0.12519 0.04652 -0.12519 0.01567 0.00433 0.02000
3.00000 -0.04527 0.12610 0.04527 -0.12610 0.01590 0.00410 0.02000
3.01000 -0.04400 0.12700 0.04400 -0.12700 0.01613 0.00387 0.02000
3.02000 -0.04273 0.12786 0.04273 -0.12786 0.01635 0.00365 0.02000
3.03000 -0.04144 0.12870 0.04144 -0.12870 0.01656 0.00344 0.02000
3.04000 -0.04015 0.12952 0.04015 -0.12952 0.01678 0.00322 0.02000
3.05000 -0.03885 0.13031 0.03885 -0.13031 0.01698 0.00302 0.02000
3.06000 -0.03755 0.13107 0.03755 -0.13107 0.01718 0.00282 0.02000
3.07000 -0.03623 0.13181 0.03623 -0.13181 0.01737 0.00263 0.02000
3.08000 -0.03491 0.13252 0.03491 -0.13252 0.01756 0.00244 0.02000
3.09000 -0.03358 0.13321 0.03358 -0.13321 0.01774 0.00226 0.02000
3.10000 -0.03225 0.13387 0.03225 -0.13387 0.01792 0.00208 0.02000
3.11000 -0.03090 0.13450 0.03090 -0.13450 0.01809 0.00191 0.02000
3.12000 -0.02956 0.13510 0.02956 -0.13510 0.01825 0.00175 0.02000
3.13000 -0.02820 0.13568 0.02820 -0.13568 0.01841 0.00159 0.02000
3.14000 -0.02684 0.13623 0.02684 -0.13623 0.01856 0.00144 0.02000
3.15000 -0.02548 0.13675 0.02548 -0.13675 0.01870 0.00130 0.02000
3.16000 -0.02411 0.13725 0.02411 -0.13725 0.01884 0.00116 0.02000
3.17000 -0.02273 0.13772 0.02273 -0.13772 0.01897 0.00103 0.02000
3.18000 -0.02135 0.13816 0.02135 -0.13816 0.01909 0.00091 0.02000
3.19000 -0.01997 0.13857 0.01997 -0.13857 0.01920 0.00080 0.02000
3.20000 -0.01858 0.13896 0.01858 -0.13896 0.01931 0.00069 0.02000
3.21000 -0.01719 0.13932 0.01719 -0.13932 0.01941 0.00059 0.02000
3.22000 -0.01580 0.13965 0.01580 -0.13965 0.01950 0.00050 0.02000
3.23000 -0.01440 0.13995 0.01440 -0.13995 0.01959 0.00041 0.02000
3.24000 -0.01300 0.14022 0.01300 -0.14022 0.01966 0.00034 0.02000
3.25000 -0.01159 0.14047 0.01159 -0.14047 0.01973 0.00027 0.02000
3.26000 -0.01019 0.14069 0.01019 -0.14069 0.01979 0.00021 0.02000
3.27000 -0.00878 0.14088 0.00878 -0.14088 0.01985 0.00015 0.02000
3.28000 -0.00737 0.14104 0.00737 -0.14104 0.01989 0.00011 0.02000
3.29000 -0.00596 0.14117 0.00596 -0.14117 0.01993 0.00007 0.02000
3.30000 -0.00455 0.14128 0.00455 -0.14128 0.01996 0.00004 0.02000
3.31000 -0.00313 0.14135 0.00313 -0.14135 0.01998 0.00002 0.02000
3.32000 -0.00172 0.14140 0.00172 -0.14140 0.01999 0.00001 0.02000
3.33000 -0.00031 0.14142 0.00031 -0.14142 0.02000 0.00000 0.02000
3.34000 0.00111 0.14141 -0.00111 -0.14141 0.02000 0.00000 0.02000
3.35000 0.00252 0.14138 -0.00252 -0.14138 0.01999 0.00001 0.02000
3.36000 0.00394 0.14131 -0.00394 -0.14131 0.01997 0.00003 0.02000
3.37000 0.00535 0.14122 -0.00535 -0.14122 0.01994 0.00006 0.02000
3.38000 0.00676 0.14110 -0.00676 -0.14110 0.01991 0.00009 0.02000
3.39000 0.00817 0.14095 -0.00817 -0.14095 0.01987 0.00013 0.02000
3.40000 0.00958 0.14077 -0.00958 -0.14077 0.01982 0.00018 0.02000
3.41000 0.01099 0.14057 -0.01099 -0.14057 0.01976 0.00024 0.02000
3.42000 0.01239 0.14033 -0.01239 -0.14033 0.01969 0.00031 0.02000
3.43000 0.01379 0.14007 -0.01379 -0.14007 0.01962 0.00038 0.02000
3.44000 0.01519 0.13978 -0.01519 -0.13978 0.01954 0.00046 0.02000
3.45000 0.01659 0.13946 -0.01659 -0.13946 0.01945 0.00055 0.02000
3.46000 0.01798 0.13912 -0.01798 -0.13912 0.01935 0.00065 0.02000
3.47000 0.01937 0.13874 -0.01937 -0.13874 0.01925 0.00075 0.02000
3.48000 0.02076 0.13834 -0.02076 -0.13834 0.01914 0.00086 0.02000
3.49000 0.02214 0.13791 -0.02214 -0.13791 0.01902 0.00098 0.02000
3.50000 0.02351 0.13746 -0.02351 -0.13746 0.01889 0.00111 0.02000
3.51000 0.02489 0.13697 -0.02489 -0.13697 0.01876 0.00124 0.02000
3.52000 0.02625 0.13646 -0.02625 -0.13646 0.01862 0.00138 0.02000
3.53000 0.02761 0.13592 -0.02761 -0.13592 0.01847 0.00153 0.02000
3.54000 0.02897 0.13536 -0.02897 -0.13536 0.01832 0.00168 0.02000
3.55000 0.03032 0.13476 -0.03032 -0.13476 0.01816 0.00184 0.02000
3.56000 0.03167 0.13414 -0.03167 -0.13414 0.01799 0.00201 0.02000
3.57000 0.03300 0.13350 -0.03300 -0.13350 0.01782 0.00218 0.02000
3.58000 0.03434 0.13282 -0.03434 -0.13282 0.01764 0.00236 0.02000
3.59000 0.03566 0.13212 -0.03566 -0.13212 0.01746 0.00254 0.02000
3.60000 0.03698 0.13140 -0.03698 -0.13140 0.01727 0.00273 0.02000
3.61000 0.03829 0.13064 -0.03829 -0.13064 0.01707 0.00293 0.02000
3.62000 0.03959 0.12987 -0.03959 -0.12987 0.01687 0.00313 0.02000
3.63000 0.04089 0.12906 -0.04089 -0.12906 0.01666 0.00334 0.02000
3.64000 0.04217 0.12823 -0.04217 -0.12823 0.01644 0.00356 0.02000
3.65000 0.04345 0.12737 -0.04345 -0.12737 0.01622 0.00378 0.02000
3.66000 0.04472 0.12649 -0.04472 -0.12649 0.01600 0.00400 0.02000
3.67000 0.04598 0.12559 -0.04598 -0.12559 0.01577 0.00423 0.02000
3.68000 0.04723 0.12465 -0.04723 -0.12465 0.01554 0.00446 0.02000
3.69000 0.04847 0.12370 -0.04847 -0.12370 0.01530 0.00470 0.02000
3.70000 0.04971 0.12271 -0.04971 -0.12271 0.01506 0.00494 0.02000
3.71000 0.05093 0.12171 -0.05093 -0.12171 0.01481 0.00519 0.02000
3.72000 0.05214 0.12068 -0.05214 -0.12068 0.01456 0.00544 0.02000
3.73000 0.05334 0.11962 -0.05334 -0.11962 0.01431 0.00569 0.02000
3.74000 0.05453 0.11854 -0.05453 -0.11854 0.01405 0.00595 0.02000
3.75000 0.05571 0.11744 -0.05571 -0.11744 0.01379 0.00621 0.02000
3.76000 0.05688 0.11632 -0.05688 -0.11632 0.01353 0.00647 0.02000
3.77000 0.05804 0.11517 -0.05804 -0.11517 0.01326 0.00674 0.02000
3.78000 0.05918 0.11399 -0.05918 -0.11399 0.01299 0.00701 0.02000
3.79000 0.06032 0.11280 -0.06032 -0.11280 0.01272 0.00728 0.02000
3.80000 0.06144 0.11158 -0.06144 -0.11158 0.01245 0.00755 0.02000
3.81000 0.06255 0.11034 -0.06255 -0.11034 0.01218 0.00782 0.02000
3.82000 0.06365 0.10908 -0.06365 -0.10908 0.01190 0.00810 0.02000
3.83000 0.06473 0.10780 -0.06473 -0.10780 0.01162 0.00838 0.02000
3.84000 0.06580 0.10649 -0.06580 -0.10649 0.01134 0.00866 0.02000
3.85000 0.06686 0.10516 -0.06686 -0.10516 0.01106 0.00894 0.02000
3.86000 0.06791 0.10382 -0.06791 -0.10382 0.01078 0.00922 0.02000
3.87000 0.06894 0.10245 -0.06894 -0.10245 0.01050 0.00950 0.02000
3.88000 0.06995 0.10106 -0.06995 -0.10106 0.01021 0.00979 0.02000
3.89000 0.07096 0.09965 -0.07096 -0.09965 0.00993 0.01007 0.02000
3.90000 0.07195 0.09822 -0.07195 -0.09822 0.00965 0.01035 0.02000
3.91000 0.07292 0.09677 -0.07292 -0.09677 0.00936 0.01064 0.02000
3.92000 0.07388 0.09530 -0.07388 -0.09530 0.00908 0.01092 0.02000
3.93000 0.07483 0.09382 -0.07483 -0.09382 0.00880 0.01120 0.02000
3.94000 0.07576 0.09231 -0.07576 -0.09231 0.00852 0.01148 0.02000
3.95000 0.07667 0.09079 -0.07667 -0.09079 0.00824 0.01176 0.02000
3.96000 0.07757 0.08924 -0.07757 -0.08924 0.00796 0.01204 0.02000
3.97000 0.07846 0.08768 -0.07846 -0.08768 0.00769 0.01231 0.02000
3.98000 0.07933 0.08610 -0.07933 -0.08610 0.00741 0.01259 0.02000
3.99000 0.08018 0.08451 -0.08018 -0.08451 0.00714 0.01286 0.02000
4.00000 0.08102 0.08290 -0.08102 -0.08290 0.00687 0.01313 0.02000
4.01000 0.08184 0.08127 -0.08184 -0.08127 0.00660 0.01340 0.02000
4.02000 0.08264 0.07962 -0.08264 -0.07962 0.00634 0.01366 0.02000
4.03000 0.08343 0.07796 -0.08343 -0.07796 0.00608 0.01392 0.02000
4.04000 0.08420 0.07629 -0.08420 -0.07629 0.00582 0.01418 0.02000
4.05000 0.08496 0.07460 -0.08496 -0.07460 0.00556 0.01444 0.02000
4.06000 0.08569 0.07289 -0.08569 -0.07289 0.00531 0.01469 0.02000
4.07000 0.08642 0.07117 -0.08642 -0.07117 0.00506 0.01494 0.02000
4.08000 0.08712 0.06943 -0.08712 -0.06943 0.00482 0.01518 0.02000
4.09000 0.08780 0.06768 -0.08780 -0.06768 0.00458 0.01542 0.02000
4.10000 0.08847 0.06592 -0.08847 -0.06592 0.00435 0.01565 0.02000
4.11000 0.08912 0.06414 -0.08912 -0.06414 0.00411 0.01589 0.02000
4.12000 0.08975 0.06236 -0.08975 -0.06236 0.00389 0.01611 0.02000
4.13000 0.09037 0.06055 -0.09037 -0.06055 0.00367 0.01633 0.02000
4.14000 0.09097 0.05874 -0.09097 -0.05874 0.00345 0.01655 0.02000
4.15000 0.09154 0.05692 -0.09154 -0.05692 0.00324 0.01676 0.02000
4.16000 0.09210 0.05508 -0.09210 -0.05508 0.00303 0.01697 0.02000
4.17000 0.09265 0.05323 -0.09265 -0.05323 0.00283 0.01717 0.02000
4.18000 0.09317 0.05137 -0.09317 -0.05137 0.00264 0.01736 0.02000
4.19000 0.09367 0.04951 -0.09367 -0.04951 0.00245 0.01755 0.02000
4.20000 0.09416 0.04763 -0.09416 -0.04763 0.00227 0.01773 0.02000
4.21000 0.09463 0.04574 -0.09463 -0.04574 0.00209 0.01791 0.02000
4.22000 0.09507 0.04384 -0.09507 -0.04384 0.00192 0.01808 0.02000
4.23000 0.09550 0.04194 -0.09550 -0.04194 0.00176 0.01824 0.02000
4.24000 0.09591 0.04002 -0.09591 -0.04002 0.00160 0.01840 0.02000
4.25000 0.09630 0.03810 -0.09630 -0.03810 0.00145 0.01855 0.02000
4.26000 0.09667 0.03617 -0.09667 -0.03617 0.00131 0.01869 0.02000
4.27000 0.09703 0.03423 -0.09703 -0.03423 0.00117 0.01883 0.02000
4.28000 0.09736 0.03229 -0.09736 -0.03229 0.00104 0.01896 0.02000
4.29000 0.09767 0.03034 -0.09767 -0.03034 0.00092 0.01908 0.02000
4.30000 0.09797 0.02838 -0.09797 -0.02838 0.00081 0.01919 0.02000
4.31000 0.09824 0.02642 -0.09824 -0.02642 0.00070 0.01930 0.02000
4.32000 0.09849 0.02445 -0.09849 -0.02445 0.00060 0.01940 0.02000
4.33000 0.09873 0.02248 -0.09873 -0.02248 0.00051 0.01949 0.02000
4.34000 0.09894 0.02050 -0.09894 -0.02050 0.00042 0.01958 0.02000
4.35000 0.09914 0.01852 -0.09914 -0.01852 0.00034 0.01966 0.02000
4.36000 0.09931 0.01654 -0.09931 -0.01654 0.00027 0.01973 0.02000
4.37000 0.09947 0.01455 -0.09947 -0.01455 0.00021 0.01979 0.02000
4.38000 0.09960 0.01256 -0.09960 -0.01256 0.00016 0.01984 0.02000
4.39000 0.09972 0.01057 -0.09972 -0.01057 0.00011 0.01989 0.02000
4.40000 0.09982 0.00857 -0.09982 -0.00857 0.00007 0.01993 0.02000
4.41000 0.09989 0.00657 -0.09989 -0.00657 0.00004 0.01996 0.02000
4.42000 0.09995 0.00458 -0.09995 -0.00458 0.00002 0.01998 0.02000
4.43000 0.09998 0.00258 -0.09998 -0.00258 0.00001 0.01999 0.02000
4.44000 0.10000 0.00058 -0.10000 -0.00058 0.00000 0.02000 0.02000
4.45000 0.09999 -0.00142 -0.09999 0.00142 0.00000 0.02000 0.02000
4.46000 0.09997 -0.00342 -0.09997 0.00342 0.00001 0.01999 0.02000
4.47000 0.09993 -0.00542 -0.09993 0.00542 0.00003 0.01997 0.02000
4.48000 0.09986 -0.00742 -0.09986 0.00742 0.00006 0.01994 0.02000
4.49000 0.09978 -0.00942 -0.09978 0.00942 0.00009 0.01991 0.02000
4.50000 0.09967 -0.01141 -0.09967 0.01141 0.00013 0.01987 0.02000
4.51000 0.09955 -0.01340 -0.09955 0.01340 0.00018 0.01982 0.02000
4.52000 0.09941 -0.01539 -0.09941 0.01539 0.00024 0.01976 0.02000
4.53000 0.09924 -0.01738 -0.09924 0.01738 0.00030 0.01970 0.02000
4.54000 0.09906 -0.01936 -0.09906 0.01936 0.00037 0.01963 0.02000
4.55000 0.09885 -0.02134 -0.09885 0.02134 0.00046 0.01954 0.02000
4.56000 0.09863 -0.02332 -0.09863 0.02332 0.00054 0.01946 0.02000
4.57000 0.09839 -0.02529 -0.09839 0.02529 0.00064 0.01936 0.02000
4.58000 0.09813 -0.02725 -0.09813 0.02725 0.00074 0.01926 0.02000
4.59000 0.09784 -0.02921 -0.09784 0.02921 0.00085 0.01915 0.02000
4.60000 0.09754 -0.03117 -0.09754 0.03117 0.00097 0.01903 0.02000
4.61000 0.09722 -0.03311 -0.09722 0.03311 0.00110 0.01890 0.02000
4.62000 0.09688 -0.03505 -0.09688 0.03505 0.00123 0.01877 0.02000
4.63000 0.09652 -0.03699 -0.09652 0.03699 0.00137 0.01863 0.02000
4.64000 0.09614 -0.03891 -0.09614 0.03891 0.00151 0.01849 0.02000
4.65000 0.09574 -0.04083 -0.09574 0.04083 0.00167 0.01833 0.02000
4.66000 0.09532 -0.04274 -0.09532 0.04274 0.00183 0.01817 0.02000
4.67000 0.09489 -0.04465 -0.09489 0.04465 0.00199 0.01801 0.02000
4.68000 0.09443 -0.04654 -0.09443 0.04654 0.00217 0.01783 0.02000
4.69000 0.09396 -0.04842 -0.09396 0.04842 0.00234 0.01766 0.02000
4.70000 0.09346 -0.05030 -0.09346 0.05030 0.00253 0.01747 0.02000
4.71000 0.09295 -0.05216 -0.09295 0.05216 0.00272 0.01728 0.02000
4.72000 0.09242 -0.05402 -0.09242 0.05402 0.00292 0.01708 0.02000
4.73000 0.09187 -0.05586 -0.09187 0.05586 0.00312 0.01688 0.02000
4.74000 0.09130 -0.05769 -0.09130 0.05769 0.00333 0.01667 0.02000
4.75000 0.09072 -0.05951 -0.09072 0.05951 0.00354 0.01646 0.02000
4.76000 0.09011 -0.06132 -0.09011 0.06132 0.00376 0.01624 0.02000
4.77000 0.08949 -0.06311 -0.08949 0.06311 0.00398 0.01602 0.02000
4.78000 0.08885 -0.06490 -0.08885 0.06490 0.00421 0.01579 0.02000
4.79000 0.08819 -0.06667 -0.08819 0.06667 0.00444 0.01556 0.02000
4.80000 0.08752 -0.06843 -0.08752 0.06843 0.00468 0.01532 0.02000
4.81000 0.08682 -0.07017 -0.08682 0.07017 0.00492 0.01508 0.02000
4.82000 0.08611 -0.07190 -0.08611 0.07190 0.00517 0.01483 0.02000
4.83000 0.08538 -0.07361 -0.08538 0.07361 0.00542 0.01458 0.02000
4.84000 0.08464 -0.07531 -0.08464 0.07531 0.00567 0.01433 0.02000
4.85000 0.08388 -0.07700 -0.08388 0.07700 0.00593 0.01407 0.02000
4.86000 0.08310 -0.07867 -0.08310 0.07867 0.00619 0.01381 0.02000
4.87000 0.08231 -0.08032 -0.08231 0.08032 0.00645 0.01355 0.02000
4.88000 0.08149 -0.08196 -0.08149 0.08196 0.00672 0.01328 0.02000
4.89000 0.08067 -0.08358 -0.08067 0.08358 0.00699 0.01301 0.02000
4.90000 0.07982 -0.08519 -0.07982 0.08519 0.00726 0.01274 0.02000
4.91000 0.07896 -0.08678 -0.07896 0.08678 0.00753 0.01247 0.02000
4.92000 0.07809 -0.08835 -0.07809 0.08835 0.00780 0.01220 0.02000
4.93000 0.07720 -0.08990 -0.07720 0.08990 0.00808 0.01192 0.02000
4.94000 0.07629 -0.09143 -0.07629 0.09143 0.00836 0.01164 0.02000
4.95000 0.07537 -0.09295 -0.07537 0.09295 0.00864 0.01136 0.02000
4.96000 0.07443 -0.09445 -0.07443 0.09445 0.00892 0.01108 0.02000
4.97000 0.07348 -0.09593 -0.07348 0.09593 0.00920 0.01080 0.02000
4.98000 0.07251 -0.09739 -0.07251 0.09739 0.00948 0.01052 0.02000
4.99000 0.07153 -0.09883 -0.07153 0.09883 0.00977 0.01023 0.02000
5.00000 0.07053 -0.10025 -0.07053 0.10025 0.01005 0.00995 0.02000
5.01000 0.06953 -0.10165 -0.06953 0.10165 0.01033 0.00967 0.02000
5.02000 0.06850 -0.10303 -0.06850 0.10303 0.01061 0.00939 0.02000
5.03000 0.06746 -0.10439 -0.06746 0.10439 0.01090 0.00910 0.02000
5.04000 0.06641 -0.10573 -0.06641 0.10573 0.01118 0.00882 0.02000
5.05000 0.06535 -0.10705 -0.06535 0.10705 0.01146 0.00854 0.02000
5.06000 0.06427 -0.10834 -0.06427 0.10834 0.01174 0.00826 0.02000
5.07000 0.06318 -0.10962 -0.06318 0.10962 0.01202 0.00798 0.02000
5.08000 0.06208 -0.11087 -0.06208 0.11087 0.01229 0.00771 0.02000
5.09000 0.06097 -0.11210 -0.06097 0.11210 0.01257 0.00743 0.02000
5.10000 0.05984 -0.11331 -0.05984 0.11331 0.01284 0.00716 0.02000
5.11000 0.05870 -0.11449 -0.05870 0.11449 0.01311 0.00689 0.02000
5.12000 0.05755 -0.11566 -0.05755 0.11566 0.01338 0.00662 0.02000
5.13000 0.05639 -0.11679 -0.05639 0.11679 0.01364 0.00636 0.02000
5.14000 0.05521 -0.11791 -0.05521 0.11791 0.01390 0.00610 0.02000
5.15000 0.05403 -0.11900 -0.05403 0.11900 0.01416 0.00584 0.02000
5.16000 0.05283 -0.12007 -0.05283 0.12007 0.01442 0.00558 0.02000
5.17000 0.05163 -0.12112 -0.05163 0.12112 0.01467 0.00533 0.02000
5.18000 0.05041 -0.12214 -0.05041 0.12214 0.01492 0.00508 0.02000
5.19000 0.04918 -0.12313 -0.04918 0.12313 0.01516 0.00484 0.02000
5.20000 0.04795 -0.12410 -0.04795 0.12410 0.01540 0.00460 0.02000
5.21000 0.04670 -0.12505 -0.04670 0.12505 0.01564 0.00436 0.02000
5.22000 0.04545 -0.12597 -0.04545 0.12597 0.01587 0.00413 0.02000
5.23000 0.04418 -0.12687 -0.04418 0.12687 0.01610 0.00390 0.02000
5.24000 0.04291 -0.12774 -0.04291 0.12774 0.01632 0.00368 0.02000
5.25000 0.04163 -0.12858 -0.04163 0.12858 0.01653 0.00347 0.02000
5.26000 0.04034 -0.12940 -0.04034 0.12940 0.01675 0.00325 0.02000
5.27000 0.03904 -0.13020 -0.03904 0.13020 0.01695 0.00305 0.02000
5.28000 0.03774 -0.13097 -0.03774 0.13097 0.01715 0.00285 0.02000
5.29000 0.03642 -0.13171 -0.03642 0.13171 0.01735 0.00265 0.02000
5.30000 0.03510 -0.13242 -0.03510 0.13242 0.01754 0.00246 0.02000
5.31000 0.03377 -0.13311 -0.03377 0.13311 0.01772 0.00228 0.02000
5.32000 0.03244 -0.13377 -0.03244 0.13377 0.01790 0.00210 0.02000
5.33000 0.03110 -0.13441 -0.03110 0.13441 0.01807 0.00193 0.02000
5.34000 0.02975 -0.13502 -0.02975 0.13502 0.01823 0.00177 0.02000
5.35000 0.02840 -0.13560 -0.02840 0.13560 0.01839 0.00161 0.02000
5.36000 0.02704 -0.13615 -0.02704 0.13615 0.01854 0.00146 0.02000
5.37000 0.02567 -0.13668 -0.02567 0.13668 0.01868 0.00132 0.02000
5.38000 0.02431 -0.13718 -0.02431 0.13718 0.01882 0.00118 0.02000
5.39000 0.02293 -0.13765 -0.02293 0.13765 0.01895 0.00105 0.02000
5.40000 0.02155 -0.13810 -0.02155 0.13810 0.01907 0.00093 0.02000
5.41000 0.02017 -0.13851 -0.02017 0.13851 0.01919 0.00081 0.02000
5.42000 0.01878 -0.13890 -0.01878 0.13890 0.01929 0.00071 0.02000
5.43000 0.01739 -0.13927 -0.01739 0.13927 0.01940 0.00060 0.02000
5.44000 0.01600 -0.13960 -0.01600 0.13960 0.01949 0.00051 0.02000
5.45000 0.01460 -0.13991 -0.01460 0.13991 0.01957 0.00043 0.02000
5.46000 0.01320 -0.14018 -0.01320 0.14018 0.01965 0.00035 0.02000
5.47000 0.01180 -0.14043 -0.01180 0.14043 0.01972 0.00028 0.02000
5.48000 0.01039 -0.14066 -0.01039 0.14066 0.01978 0.00022 0.02000
5.49000 0.00898 -0.14085 -0.00898 0.14085 0.01984 0.00016 0.02000
5.50000 0.00757 -0.14102 -0.00757 0.14102 0.01989 0.00011 0.02000
5.51000 0.00616 -0.14115 -0.00616 0.14115 0.01992 0.00008 0.02000
5.52000 0.00475 -0.14126 -0.00475 0.14126 0.01995 0.00005 0.02000
5.53000 0.00334 -0.14134 -0.00334 0.14134 0.01998 0.00002 0.02000
5.54000 0.00192 -0.14140 -0.00192 0.14140 0.01999 0.00001 0.02000
5.55000 0.00051 -0.14142 -0.00051 0.14142 0.02000 0.00000 0.02000
5.56000 -0.00090 -0.14142 0.00090 0.14142 0.02000 0.00000 0.02000
5.57000 -0.00232 -0.14138 0.00232 0.14138 0.01999 0.00001 0.02000
5.58000 -0.00373 -0.14132 0.00373 0.14132 0.01997 0.00003 0.02000
5.59000 -0.00514 -0.14123 0.00514 0.14123 0.01995 0.00005 0.02000
5.60000 -0.00656 -0.14112 0.00656 0.14112 0.01991 0.00009 0.02000
5.61000 -0.00797 -0.14097 0.00797 0.14097 0.01987 0.00013 0.02000
5.62000 -0.00938 -0.14080 0.00938 0.14080 0.01982 0.00018 0.02000
5.63000 -0.01078 -0.14060 0.01078 0.14060 0.01977 0.00023 0.02000
5.64000 -0.01219 -0.14037 0.01219 0.14037 0.01970 0.00030 0.02000
5.65000 -0.01359 -0.14011 0.01359 0.14011 0.01963 0.00037 0.02000
5.66000 -0.01499 -0.13982 0.01499 0.13982 0.01955 0.00045 0.02000
5.67000 -0.01639 -0.13951 0.01639 0.13951 0.01946 0.00054 0.02000
5.68000 -0.01778 -0.13917 0.01778 0.13917 0.01937 0.00063 0.02000
5.69000 -0.01917 -0.13880 0.01917 0.13880 0.01927 0.00073 0.02000
5.70000 -0.02056 -0.13840 0.02056 0.13840 0.01915 0.00085 0.02000
5.71000 -0.02194 -0.13798 0.02194 0.13798 0.01904 0.00096 0.02000
5.72000 -0.02332 -0.13752 0.02332 0.13752 0.01891 0.00109 0.02000
5.73000 -0.02469 -0.13704 0.02469 0.13704 0.01878 0.00122 0.02000
5.74000 -0.02606 -0.13654 0.02606 0.13654 0.01864 0.00136 0.02000
5.75000 -0.02742 -0.13600 0.02742 0.13600 0.01850 0.00150 0.02000
5.76000 -0.02878 -0.13544 0.02878 0.13544 0.01834 0.00166 0.02000
5.77000 -0.03013 -0.13485 0.03013 0.13485 0.01818 0.00182 0.02000
5.78000 -0.03147 -0.13423 0.03147 0.13423 0.01802 0.00198 0.02000
5.79000 -0.03281 -0.13359 0.03281 0.13359 0.01785 0.00215 0.02000
5.80000 -0.03414 -0.13292 0.03414 0.13292 0.01767 0.00233 0.02000
5.81000 -0.03547 -0.13223 0.03547 0.13223 0.01748 0.00252 0.02000
5.82000 -0.03679 -0.13150 0.03679 0.13150 0.01729 0.00271 0.02000
5.83000 -0.03810 -0.13075 0.03810 0.13075 0.01710 0.00290 0.02000
5.84000 -0.03940 -0.12998 0.03940 0.12998 0.01689 0.00311 0.02000
5.85000 -0.04070 -0.12918 0.04070 0.12918 0.01669 0.00331 0.02000
5.86000 -0.04199 -0.12835 0.04199 0.12835 0.01647 0.00353 0.02000
5.87000 -0.04327 -0.12750 0.04327 0.12750 0.01626 0.00374 0.02000
5.88000 -0.04454 -0.12662 0.04454 0.12662 0.01603 0.00397 0.02000
5.89000 -0.04580 -0.12572 0.04580 0.12572 0.01580 0.00420 0.02000
5.90000 -0.04705 -0.12479 0.04705 0.12479 0.01557 0.00443 0.02000
5.91000 -0.04829 -0.12384 0.04829 0.12384 0.01534 0.00466 0.02000
5.92000 -0.04953 -0.12286 0.04953 0.12286 0.01509 0.00491 0.02000
5.93000 -0.05075 -0.12185 0.05075 0.12185 0.01485 0.00515 0.02000
5.94000 -0.05197 -0.12083 0.05197 0.12083 0.01460 0.00540 0.02000
5.95000 -0.05317 -0.11978 0.05317 0.11978 0.01435 0.00565 0.02000
5.96000 -0.05436 -0.11870 0.05436 0.11870 0.01409 0.00591 0.02000
5.97000 -0.05554 -0.11760 0.05554 0.11760 0.01383 0.00617 0.02000
5.98000 -0.05671 -0.11648 0.05671 0.11648 0.01357 0.00643 0.02000
5.99000 -0.05787 -0.11533 0.05787 0.11533 0.01330 0.00670 0.02000
6.00000 -0.05902 -0.11416 0.05902 0.11416 0.01303 0.00697 0.02000
6.01000 -0.06016 -0.11297 0.06016 0.11297 0.01276 0.00724 0.02000
6.02000 -0.06128 -0.11176 0.06128 0.11176 0.01249 0.00751 0.02000
6.03000 -0.06239 -0.11052 0.06239 0.11052 0.01221 0.00779 0.02000
6.04000 -0.06349 -0.10926 0.06349 0.10926 0.01194 0.00806 0.02000
6.05000 -0.06458 -0.10798 0.06458 0.10798 0.01166 0.00834 0.02000
6.06000 -0.06565 -0.10668 0.06565 0.10668 0.01138 0.00862 0.02000
6.07000 -0.06671 -0.10536 0.06671 0.10536 0.01110 0.00890 0.02000
6.08000 -0.06776 -0.10401 0.06776 0.10401 0.01082 0.00918 0.02000
6.09000 -0.06879 -0.10265 0.06879 0.10265 0.01054 0.00946 0.02000
6.10000 -0.06981 -0.10126 0.06981 0.10126 0.01025 0.00975 0.02000
6.11000 -0.07081 -0.09985 0.07081 0.09985 0.00997 0.01003 0.02000
6.12000 -0.07181 -0.09843 0.07181 0.09843 0.00969 0.01031 0.02000
6.13000 -0.07278 -0.09698 0.07278 0.09698 0.00941 0.01059 0.02000
6.14000 -0.07375 -0.09552 0.07375 0.09552 0.00912 0.01088 0.02000
6.15000 -0.07469 -0.09403 0.07469 0.09403 0.00884 0.01116 0.02000
6.16000 -0.07563 -0.09253 0.07563 0.09253 0.00856 0.01144 0.02000
6.17000 -0.07654 -0.09101 0.07654 0.09101 0.00828 0.01172 0.02000
6.18000 -0.07745 -0.08947 0.07745 0.08947 0.00800 0.01200 0.02000
6.19000 -0.07833 -0.08791 0.07833 0.08791 0.00773 0.01227 0.02000
6.20000 -0.07920 -0.08633 0.07920 0.08633 0.00745 0.01255 0.02000
6.21000 -0.08006 -0.08474 0.08006 0.08474 0.00718 0.01282 0.02000
6.22000 -0.08090 -0.08313 0.08090 0.08313 0.00691 0.01309 0.02000
6.23000 -0.08172 -0.08150 0.08172 0.08150 0.00664 0.01336 0.02000
6.24000 -0.08253 -0.07986 0.08253 0.07986 0.00638 0.01362 0.02000
6.25000 -0.08332 -0.07820 0.08332 0.07820 0.00612 0.01388 0.02000
6.26000 -0.08409 -0.07653 0.08409 0.07653 0.00586 0.01414 0.02000
6.27000 -0.08485 -0.07484 0.08485 0.07484 0.00560 0.01440 0.02000
6.28000 -0.08559 -0.07314 0.08559 0.07314 0.00535 0.01465 0.02000
6.29000 -0.08631 -0.07142 0.08631 0.07142 0.00510 0.01490 0.02000
6.30000 -0.08702 -0.06968 0.08702 0.06968 0.00486 0.01514 0.02000
6.31000 -0.08771 -0.06794 0.08771 0.06794 0.00462 0.01538 0.02000
6.32000 -0.08838 -0.06618 0.08838 0.06618 0.00438 0.01562 0.02000
6.33000 -0.08903 -0.06440 0.08903 0.06440 0.00415 0.01585 0.02000
6.34000 -0.08966 -0.06261 0.08966 0.06261 0.00392 0.01608 0.02000
6.35000 -0.09028 -0.06081 0.09028 0.06081 0.00370 0.01630 0.02000
6.36000 -0.09088 -0.05900 0.09088 0.05900 0.00348 0.01652 0.02000
6.37000 -0.09146 -0.05718 0.09146 0.05718 0.00327 0.01673 0.02000
6.38000 -0.09202 -0.05534 0.09202 0.05534 0.00306 0.01694 0.02000
6.39000 -0.09257 -0.05350 0.09257 0.05350 0.00286 0.01714 0.02000
6.40000 -0.09309 -0.05164 0.09309 0.05164 0.00267 0.01733 0.02000
6.41000 -0.09360 -0.04978 0.09360 0.04978 0.00248 0.01752 0.02000
6.42000 -0.09409 -0.04790 0.09409 0.04790 0.00229 0.01771 0.02000
6.43000 -0.09456 -0.04601 0.09456 0.04601 0.00212 0.01788 0.02000
6.44000 -0.09501 -0.04412 0.09501 0.04412 0.00195 0.01805 0.02000
6.45000 -0.09544 -0.04221 0.09544 0.04221 0.00178 0.01822 0.02000
6.46000 -0.09585 -0.04030 0.09585 0.04030 0.00162 0.01838 0.02000
6.47000 -0.09625 -0.03838 0.09625 0.03838 0.00147 0.01853 0.02000
6.48000 -0.09662 -0.03645 0.09662 0.03645 0.00133 0.01867 0.02000
6.49000 -0.09698 -0.03451 0.09698 0.03451 0.00119 0.01881 0.02000
6.50000 -0.09731 -0.03257 0.09731 0.03257 0.00106 0.01894 0.02000
6.51000 -0.09763 -0.03062 0.09763 0.03062 0.00094 0.01906 0.02000
6.52000 -0.09792 -0.02866 0.09792 0.02866 0.00082 0.01918 0.02000
6.53000 -0.09820 -0.02670 0.09820 0.02670 0.00071 0.01929 0.02000
6.54000 -0.09846 -0.02474 0.09846 0.02474 0.00061 0.01939 0.02000
6.55000 -0.09870 -0.02277 0.09870 0.02277 0.00052 0.01948 0.02000
6.56000 -0.09891 -0.02079 0.09891 0.02079 0.00043 0.01957 0.02000
6.57000 -0.09911 -0.01881 0.09911 0.01881 0.00035 0.01965 0.02000
6.58000 -0.09929 -0.01682 0.09929 0.01682 0.00028 0.01972 0.02000
6.59000 -0.09945 -0.01484 0.09945 0.01484 0.00022 0.01978 0.02000
6.60000 -0.09959 -0.01285 0.09959 0.01285 0.00017 0.01983 0.02000
6.61000 -0.09971 -0.01085 0.09971 0.01085 0.00012 0.01988 0.02000
6.62000 -0.09980 -0.00886 0.09980 0.00886 0.00008 0.01992 0.02000
6.63000 -0.09988 -0.00686 0.09988 0.00686 0.00005 0.01995 0.02000
6.64000 -0.09994 -0.00486 0.09994 0.00486 0.00002 0.01998 0.02000
6.65000 -0.09998 -0.00286 0.09998 0.00286 0.00001 0.01999 0.02000
6.66000 -0.10000 -0.00086 0.10000 0.00086 0.00000 0.02000 0.02000
6.67000 -0.10000 0.00114 0.10000 -0.00114 0.00000 0.02000 0.02000
6.68000 -0.09998 0.00313 0.09998 -0.00313 0.00001 0.01999 0.02000
6.69000 -0.09993 0.00513 0.09993 -0.00513 0.00003 0.01997 0.02000
6.70000 -0.09987 0.00713 0.09987 -0.00713 0.00005 0.01995 0.02000
6.71000 -0.09979 0.00913 0.09979 -0.00913 0.00008 0.01992 0.02000
6.72000 -0.09969 0.01112 0.09969 -0.01112 0.00012 0.01988 0.02000
6.73000 -0.09957 0.01312 0.09957 -0.01312 0.00017 0.01983 0.02000
6.74000 -0.09943 0.01511 0.09943 -0.01511 0.00023 0.01977 0.02000
6.75000 -0.09927 0.01709 0.09927 -0.01709 0.00029 0.01971 0.02000
6.76000 -0.09909 0.01908 0.09909 -0.01908 0.00036 0.01964 0.02000
6.77000 -0.09889 0.02106 0.09889 -0.02106 0.00044 0.01956 0.02000
6.78000 -0.09866 0.02303 0.09866 -0.02303 0.00053 0.01947 0.02000
6.79000 -0.09842 0.02500 0.09842 -0.02500 0.00063 0.01937 0.02000
6.80000 -0.09816 0.02697 0.09816 -0.02697 0.00073 0.01927 0.02000
6.81000 -0.09789 0.02893 0.09789 -0.02893 0.00084 0.01916 0.02000
6.82000 -0.09759 0.03088 0.09759 -0.03088 0.00095 0.01905 0.02000
6.83000 -0.09727 0.03283 0.09727 -0.03283 0.00108 0.01892 0.02000
6.84000 -0.09693 0.03477 0.09693 -0.03477 0.00121 0.01879 0.02000
6.85000 -0.09657 0.03671 0.09657 -0.03671 0.00135 0.01865 0.02000
6.86000 -0.09620 0.03864 0.09620 -0.03864 0.00149 0.01851 0.02000
6.87000 -0.09580 0.04056 0.09580 -0.04056 0.00164 0.01836 0.02000
6.88000 -0.09538 0.04247 0.09538 -0.04247 0.00180 0.01820 0.02000
6.89000 -0.09495 0.04437 0.09495 -0.04437 0.00197 0.01803 0.02000
6.90000 -0.09450 0.04627 0.09450 -0.04627 0.00214 0.01786 0.02000
6.91000 -0.09402 0.04815 0.09402 -0.04815 0.00232 0.01768 0.02000
6.92000 -0.09353 0.05003 0.09353 -0.05003 0.00250 0.01750 0.02000
6.93000 -0.09302 0.05189 0.09302 -0.05189 0.00269 0.01731 0.02000
6.94000 -0.09250 0.05375 0.09250 -0.05375 0.00289 0.01711 0.02000
6.95000 -0.09195 0.05559 0.09195 -0.05559 0.00309 0.01691 0.02000
6.96000 -0.09138 0.05743 0.09138 -0.05743 0.00330 0.01670 0.02000
6.97000 -0.09080 0.05925 0.09080 -0.05925 0.00351 0.01649 0.02000
6.98000 -0.09020 0.06106 0.09020 -0.06106 0.00373 0.01627 0.02000
6.99000 -0.08958 0.06286 0.08958 -0.06286 0.00395 0.01605 0.02000
7.00000 -0.08894 0.06464 0.08894 -0.06464 0.00418 0.01582 0.02000
7.01000 -0.08829 0.06641 0.08829 -0.06641 0.00441 0.01559 0.02000
7.02000 -0.08761 0.06817 0.08761 -0.06817 0.00465 0.01535 0.02000
7.03000 -0.08692 0.06992 0.08692 -0.06992 0.00489 0.01511 0.02000
7.04000 -0.08622 0.07165 0.08622 -0.07165 0.00513 0.01487 0.02000
7.05000 -0.08549 0.07337 0.08549 -0.07337 0.00538 0.01462 0.02000
7.06000 -0.08475 0.07507 0.08475 -0.07507 0.00564 0.01436 0.02000
7.07000 -0.08399 0.07676 0.08399 -0.07676 0.00589 0.01411 0.02000
7.08000 -0.08321 0.07843 0.08321 -0.07843 0.00615 0.01385 0.02000
7.09000 -0.08242 0.08009 0.08242 -0.08009 0.00641 0.01359 0.02000
7.10000 -0.08161 0.08173 0.08161 -0.08173 0.00668 0.01332 0.02000
7.11000 -0.08079 0.08335 0.08079 -0.08335 0.00695 0.01305 0.02000
7.12000 -0.07994 0.08496 0.07994 -0.08496 0.00722 0.01278 0.02000
7.13000 -0.07909 0.08655 0.07909 -0.08655 0.00749 0.01251 0.02000
7.14000 -0.07821 0.08812 0.07821 -0.08812 0.00777 0.01223 0.02000
7.15000 -0.07732 0.08968 0.07732 -0.08968 0.00804 0.01196 0.02000
7.16000 -0.07642 0.09121 0.07642 -0.09121 0.00832 0.01168 0.02000
7.17000 -0.07550 0.09273 0.07550 -0.09273 0.00860 0.01140 0.02000
7.18000 -0.07457 0.09423 0.07457 -0.09423 0.00888 0.01112 0.02000
7.19000 -0.07362 0.09572 0.07362 -0.09572 0.00916 0.01084 0.02000
7.20000 -0.07265 0.09718 0.07265 -0.09718 0.00944 0.01056 0.02000
7.21000 -0.07167 0.09862 0.07167 -0.09862 0.00973 0.01027 0.02000
7.22000 -0.07068 0.10004 0.07068 -0.10004 0.01001 0.00999 0.02000
7.23000 -0.06967 0.10145 0.06967 -0.10145 0.01029 0.00971 0.02000
7.24000 -0.06865 0.10283 0.06865 -0.10283 0.01057 0.00943 0.02000
7.25000 -0.06762 0.10419 0.06762 -0.10419 0.01086 0.00914 0.02000
7.26000 -0.06657 0.10554 0.06657 -0.10554 0.01114 0.00886 0.02000
7.27000 -0.06550 0.10686 0.06550 -0.10686 0.01142 0.00858 0.02000
7.28000 -0.06443 0.10816 0.06443 -0.10816 0.01170 0.00830 0.02000
7.29000 -0.06334 0.10943 0.06334 -0.10943 0.01198 0.00802 0.02000
7.30000 -0.06224 0.11069 0.06224 -0.11069 0.01225 0.00775 0.02000
7.31000 -0.06113 0.11192 0.06113 -0.11192 0.01253 0.00747 0.02000
7.32000 -0.06000 0.11313 0.06000 -0.11313 0.01280 0.00720 0.02000
7.33000 -0.05887 0.11432 0.05887 -0.11432 0.01307 0.00693 0.02000
7.34000 -0.05772 0.11549 0.05772 -0.11549 0.01334 0.00666 0.02000
7.35000 -0.05656 0.11663 0.05656 -0.11663 0.01360 0.00640 0.02000
7.36000 -0.05538 0.11775 0.05538 -0.11775 0.01387 0.00613 0.02000
7.37000 -0.05420 0.11885 0.05420 -0.11885 0.01412 0.00588 0.02000
7.38000 -0.05301 0.11992 0.05301 -0.11992 0.01438 0.00562 0.02000
7.39000 -0.05180 0.12097 0.05180 -0.12097 0.01463 0.00537 0.02000
7.40000 -0.05059 0.12199 0.05059 -0.12199 0.01488 0.00512 0.02000
7.41000 -0.04936 0.12299 0.04936 -0.12299 0.01513 0.00487 0.02000
7.42000 -0.04813 0.12397 0.04813 -0.12397 0.01537 0.00463 0.02000
7.43000 -0.04688 0.12492 0.04688 -0.12492 0.01560 0.00440 0.02000
7.44000 -0.04563 0.12584 0.04563 -0.12584 0.01584 0.00416 0.02000
7.45000 -0.04437 0.12674 0.04437 -0.12674 0.01606 0.00394 0.02000
7.46000 -0.04309 0.12762 0.04309 -0.12762 0.01629 0.00371 0.02000
7.47000 -0.04181 0.12846 0.04181 -0.12846 0.01650 0.00350 0.02000
7.48000 -0.04053 0.12929 0.04053 -0.12929 0.01672 0.00328 0.02000
7.49000 -0.03923 0.13009 0.03923 -0.13009 0.01692 0.00308 0.02000
7.50000 -0.03792 0.13086 0.03792 -0.13086 0.01712 0.00288 0.02000
7.51000 -0.03661 0.13160 0.03661 -0.13160 0.01732 0.00268 0.02000
7.52000 -0.03529 0.13232 0.03529 -0.13232 0.01751 0.00249 0.02000
7.53000 -0.03397 0.13301 0.03397 -0.13301 0.01769 0.00231 0.02000
7.54000 -0.03263 0.13368 0.03263 -0.13368 0.01787 0.00213 0.02000
7.55000 -0.03129 0.13432 0.03129 -0.13432 0.01804 0.00196 0.02000
7.56000 -0.02995 0.13493 0.02995 -0.13493 0.01821 0.00179 0.02000
7.57000 -0.02859 0.13552 0.02859 -0.13552 0.01836 0.00164 0.02000
7.58000 -0.02724 0.13608 0.02724 -0.13608 0.01852 0.00148 0.02000
7.59000 -0.02587 0.13661 0.02587 -0.13661 0.01866 0.00134 0.02000
7.60000 -0.02450 0.13711 0.02450 -0.13711 0.01880 0.00120 0.02000
7.61000 -0.02313 0.13759 0.02313 -0.13759 0.01893 0.00107 0.02000
7.62000 -0.02175 0.13804 0.02175 -0.13804 0.01905 0.00095 0.02000
7.63000 -0.02037 0.13846 0.02037 -0.13846 0.01917 0.00083 0.02000
7.64000 -0.01898 0.13885 0.01898 -0.13885 0.01928 0.00072 0.02000
7.65000 -0.01759 0.13922 0.01759 -0.13922 0.01938 0.00062 0.02000
7.66000 -0.01620 0.13955 0.01620 -0.13955 0.01948 0.00052 0.02000
7.67000 -0.01480 0.13986 0.01480 -0.13986 0.01956 0.00044 0.02000
7.68000 -0.01340 0.14015 0.01340 -0.14015 0.01964 0.00036 0.02000
7.69000 -0.01200 0.14040 0.01200 -0.14040 0.01971 0.00029 0.02000
7.70000 -0.01059 0.14063 0.01059 -0.14063 0.01978 0.00022 0.02000
7.71000 -0.00919 0.14082 0.00919 -0.14082 0.01983 0.00017 0.02000
7.72000 -0.00778 0.14099 0.00778 -0.14099 0.01988 0.00012 0.02000
7.73000 -0.00637 0.14113 0.00637 -0.14113 0.01992 0.00008 0.02000
7.74000 -0.00495 0.14125 0.00495 -0.14125 0.01995 0.00005 0.02000
7.75000 -0.00354 0.14133 0.00354 -0.14133 0.01997 0.00003 0.02000
7.76000 -0.00213 0.14139 0.00213 -0.14139 0.01999 0.00001 0.02000
7.77000 -0.00071 0.14142 0.00071 -0.14142 0.02000 0.00000 0.02000
7.78000 0.00070 0.14142 -0.00070 -0.14142 0.02000 0.00000 0.02000
7.79000 0.00211 0.14139 -0.00211 -0.14139 0.01999 0.00001 0.02000
7.80000 0.00353 0.14133 -0.00353 -0.14133 0.01998 0.00002 0.02000
7.81000 0.00494 0.14125 -0.00494 -0.14125 0.01995 0.00005 0.02000
7.82000 0.00635 0.14114 -0.00635 -0.14114 0.01992 0.00008 0.02000
7.83000 0.00776 0.14099 -0.00776 -0.14099 0.01988 0.00012 0.02000
7.84000 0.00917 0.14083 -0.00917 -0.14083 0.01983 0.00017 0.02000
7.85000 0.01058 0.14063 -0.01058 -0.14063 0.01978 0.00022 0.02000
7.86000 0.01199 0.14040 -0.01199 -0.14040 0.01971 0.00029 0.02000
7.87000 0.01339 0.14015 -0.01339 -0.14015 0.01964 0.00036 0.02000
7.88000 0.01479 0.13987 -0.01479 -0.13987 0.01956 0.00044 0.02000
7.89000 0.01619 0.13956 -0.01619 -0.13956 0.01948 0.00052 0.02000
7.90000 0.01758 0.13922 -0.01758 -0.13922 0.01938 0.00062 0.02000
7.91000 0.01897 0.13885 -0.01897 -0.13885 0.01928 0.00072 0.02000
7.92000 0.02036 0.13846 -0.02036 -0.13846 0.01917 0.00083 0.02000
7.93000 0.02174 0.13804 -0.02174 -0.13804 0.01905 0.00095 0.02000
7.94000 0.02312 0.13759 -0.02312 -0.13759 0.01893 0.00107 0.02000
7.95000 0.02449 0.13711 -0.02449 -0.13711 0.01880 0.00120 0.02000
7.96000 0.02586 0.13661 -0.02586 -0.13661 0.01866 0.00134 0.02000
7.97000 0.02722 0.13608 -0.02722 -0.13608 0.01852 0.00148 0.02000
7.98000 0.02858 0.13552 -0.02858 -0.13552 0.01837 0.00163 0.02000
7.99000 0.02993 0.13494 -0.02993 -0.13494 0.01821 0.00179 0.02000
8.00000 0.03128 0.13432 -0.03128 -0.13432 0.01804 0.00196 0.02000
8.01000 0.03262 0.13369 -0.03262 -0.13369 0.01787 0.00213 0.02000
8.02000 0.03395 0.13302 -0.03395 -0.13302 0.01769 0.00231 0.02000
8.03000 0.03528 0.13233 -0.03528 -0.13233 0.01751 0.00249 0.02000
8.04000 0.03660 0.13161 -0.03660 -0.13161 0.01732 0.00268 0.02000
8.05000 0.03791 0.13086 -0.03791 -0.13086 0.01713 0.00287 0.02000
8.06000 0.03922 0.13009 -0.03922 -0.13009 0.01692 0.00308 0.02000
8.07000 0.04051 0.12930 -0.04051 -0.12930 0.01672 0.00328 0.02000
8.08000 0.04180 0.12847 -0.04180 -0.12847 0.01651 0.00349 0.02000
8.09000 0.04308 0.12762 -0.04308 -0.12762 0.01629 0.00371 0.02000
8.10000 0.04435 0.12675 -0.04435 -0.12675 0.01607 0.00393 0.02000
8.11000 0.04562 0.12585 -0.04562 -0.12585 0.01584 0.00416 0.02000
8.12000 0.04687 0.12492 -0.04687 -0.12492 0.01561 0.00439 0.02000
8.13000 0.04812 0.12397 -0.04812 -0.12397 0.01537 0.00463 0.02000
8.14000 0.04935 0.12300 -0.04935 -0.12300 0.01513 0.00487 0.02000
8.15000 0.05058 0.12200 -0.05058 -0.12200 0.01488 0.00512 0.02000
8.16000 0.05179 0.12098 -0.05179 -0.12098 0.01464 0.00536 0.02000
8.17000 0.05300 0.11993 -0.05300 -0.11993 0.01438 0.00562 0.02000
8.18000 0.05419 0.11886 -0.05419 -0.11886 0.01413 0.00587 0.02000
8.19000 0.05537 0.11776 -0.05537 -0.11776 0.01387 0.00613 0.02000
8.20000 0.05654 0.11664 -0.05654 -0.11664 0.01361 0.00639 0.02000
8.21000 0.05771 0.11550 -0.05771 -0.11550 0.01334 0.00666 0.02000
8.22000 0.05885 0.11433 -0.05885 -0.11433 0.01307 0.00693 0.02000
8.23000 0.05999 0.11315 -0.05999 -0.11315 0.01280 0.00720 0.02000
8.24000 0.06112 0.11193 -0.06112 -0.11193 0.01253 0.00747 0.02000
8.25000 0.06223 0.11070 -0.06223 -0.11070 0.01225 0.00775 0.02000
8.26000 0.06333 0.10945 -0.06333 -0.10945 0.01198 0.00802 0.02000
8.27000 0.06442 0.10817 -0.06442 -0.10817 0.01170 0.00830 0.02000
8.28000 0.06549 0.10687 -0.06549 -0.10687 0.01142 0.00858 0.02000
8.29000 0.06656 0.10555 -0.06656 -0.10555 0.01114 0.00886 0.02000
8.30000 0.06761 0.10421 -0.06761 -0.10421 0.01086 0.00914 0.02000
8.31000 0.06864 0.10284 -0.06864 -0.10284 0.01058 0.00942 0.02000
8.32000 0.06966 0.10146 -0.06966 -0.10146 0.01029 0.00971 0.02000
8.33000 0.07067 0.10006 -0.07067 -0.10006 0.01001 0.00999 0.02000
8.34000 0.07166 0.09863 -0.07166 -0.09863 0.00973 0.01027 0.02000
8.35000 0.07264 0.09719 -0.07264 -0.09719 0.00945 0.01055 0.02000
8.36000 0.07361 0.09573 -0.07361 -0.09573 0.00916 0.01084 0.02000
8.37000 0.07456 0.09425 -0.07456 -0.09425 0.00888 0.01112 0.02000
8.38000 0.07549 0.09275 -0.07549 -0.09275 0.00860 0.01140 0.02000
8.39000 0.07641 0.09123 -0.07641 -0.09123 0.00832 0.01168 0.02000
8.40000 0.07732 0.08969 -0.07732 -0.08969 0.00804 0.01196 0.02000
8.41000 0.07821 0.08813 -0.07821 -0.08813 0.00777 0.01223 0.02000
8.42000 0.07908 0.08656 -0.07908 -0.08656 0.00749 0.01251 0.02000
8.43000 0.07994 0.08497 -0.07994 -0.08497 0.00722 0.01278 0.02000
8.44000 0.08078 0.08336 -0.08078 -0.08336 0.00695 0.01305 0.02000
8.45000 0.08160 0.08174 -0.08160 -0.08174 0.00668 0.01332 0.02000
8.46000 0.08241 0.08010 -0.08241 -0.08010 0.00642 0.01358 0.02000
8.47000 0.08321 0.07844 -0.08321 -0.07844 0.00615 0.01385 0.02000
8.48000 0.08398 0.07677 -0.08398 -0.07677 0.00589 0.01411 0.02000
8.49000 0.08474 0.07508 -0.08474 -0.07508 0.00564 0.01436 0.02000
8.50000 0.08548 0.07338 -0.08548 -0.07338 0.00538 0.01462 0.02000
8.51000 0.08621 0.07167 -0.08621 -0.07167 0.00514 0.01486 0.02000
8.52000 0.08692 0.06993 -0.08692 -0.06993 0.00489 0.01511 0.02000
8.53000 0.08761 0.06819 -0.08761 -0.06819 0.00465 0.01535 0.02000
8.54000 0.08828 0.06643 -0.08828 -0.06643 0.00441 0.01559 0.02000
8.55000 0.08894 0.06466 -0.08894 -0.06466 0.00418 0.01582 0.02000
8.56000 0.08957 0.06287 -0.08957 -0.06287 0.00395 0.01605 0.02000
8.57000 0.09019 0.06108 -0.09019 -0.06108 0.00373 0.01627 0.02000
8.58000 0.09080 0.05927 -0.09080 -0.05927 0.00351 0.01649 0.02000
8.59000 0.09138 0.05744 -0.09138 -0.05744 0.00330 0.01670 0.02000
8.60000 0.09194 0.05561 -0.09194 -0.05561 0.00309 0.01691 0.02000
8.61000 0.09249 0.05377 -0.09249 -0.05377 0.00289 0.01711 0.02000
8.62000 0.09302 0.05191 -0.09302 -0.05191 0.00269 0.01731 0.02000
8.63000 0.09353 0.05005 -0.09353 -0.05005 0.00250 0.01750 0.02000
8.64000 0.09402 0.04817 -0.09402 -0.04817 0.00232 0.01768 0.02000
8.65000 0.09449 0.04628 -0.09449 -0.04628 0.00214 0.01786 0.02000
8.66000 0.09495 0.04439 -0.09495 -0.04439 0.00197 0.01803 0.02000
8.67000 0.09538 0.04249 -0.09538 -0.04249 0.00181 0.01819 0.02000
8.68000 0.09580 0.04057 -0.09580 -0.04057 0.00165 0.01835 0.02000
8.69000 0.09619 0.03865 -0.09619 -0.03865 0.00149 0.01851 0.02000
8.70000 0.09657 0.03673 -0.09657 -0.03673 0.00135 0.01865 0.02000
8.71000 0.09693 0.03479 -0.09693 -0.03479 0.00121 0.01879 0.02000
8.72000 0.09726 0.03285 -0.09726 -0.03285 0.00108 0.01892 0.02000
8.73000 0.09758 0.03090 -0.09758 -0.03090 0.00095 0.01905 0.02000
8.74000 0.09788 0.02895 -0.09788 -0.02895 0.00084 0.01916 0.02000
8.75000 0.09816 0.02699 -0.09816 -0.02699 0.00073 0.01927 0.02000
8.76000 0.09842 0.02502 -0.09842 -0.02502 0.00063 0.01937 0.02000
8.77000 0.09866 0.02305 -0.09866 -0.02305 0.00053 0.01947 0.02000
8.78000 0.09888 0.02107 -0.09888 -0.02107 0.00044 0.01956 0.02000
8.79000 0.09908 0.01909 -0.09908 -0.01909 0.00036 0.01964 0.02000
8.80000 0.09927 0.01711 -0.09927 -0.01711 0.00029 0.01971 0.02000
8.81000 0.09943 0.01512 -0.09943 -0.01512 0.00023 0.01977 0.02000
8.82000 0.09957 0.01313 -0.09957 -0.01313 0.00017 0.01983 0.02000
8.83000 0.09969 0.01114 -0.09969 -0.01114 0.00012 0.01988 0.02000
8.84000 0.09979 0.00915 -0.09979 -0.00915 0.00008 0.01992 0.02000
8.85000 0.09987 0.00715 -0.09987 -0.00715 0.00005 0.01995 0.02000
8.86000 0.09993 0.00515 -0.09993 -0.00515 0.00003 0.01997 0.02000
8.87000 0.09998 0.00315 -0.09998 -0.00315 0.00001 0.01999 0.02000
8.88000 0.10000 0.00115 -0.10000 -0.00115 0.00000 0.02000 0.02000
8.89000 0.10000 -0.00085 -0.10000 0.00085 0.00000 0.02000 0.02000
8.90000 0.09998 -0.00285 -0.09998 0.00285 0.00001 0.01999 0.02000
8.91000 0.09994 -0.00485 -0.09994 0.00485 0.00002 0.01998 0.02000
8.92000 0.09988 -0.00684 -0.09988 0.00684 0.00005 0.01995 0.02000
8.93000 0.09980 -0.00884 -0.09980 0.00884 0.00008 0.01992 0.02000
8.94000 0.09971 -0.01084 -0.09971 0.01084 0.00012 0.01988 0.02000
8.95000 0.09959 -0.01283 -0.09959 0.01283 0.00016 0.01984 0.02000
8.96000 0.09945 -0.01482 -0.09945 0.01482 0.00022 0.01978 0.02000
8.97000 0.09929 -0.01681 -0.09929 0.01681 0.00028 0.01972 0.02000
8.98000 0.09911 -0.01879 -0.09911 0.01879 0.00035 0.01965 0.02000
8.99000 0.09892 -0.02077 -0.09892 0.02077 0.00043 0.01957 0.02000
9.00000 0.09870 -0.02275 -0.09870 0.02275 0.00052 0.01948 0.02000
9.01000 0.09846 -0.02472 -0.09846 0.02472 0.00061 0.01939 0.02000
9.02000 0.09820 -0.02669 -0.09820 0.02669 0.00071 0.01929 0.02000
9.03000 0.09793 -0.02865 -0.09793 0.02865 0.00082 0.01918 0.02000
9.04000 0.09763 -0.03060 -0.09763 0.03060 0.00094 0.01906 0.02000
9.05000 0.09731 -0.03255 -0.09731 0.03255 0.00106 0.01894 0.02000
9.06000 0.09698 -0.03450 -0.09698 0.03450 0.00119 0.01881 0.02000
9.07000 0.09662 -0.03643 -0.09662 0.03643 0.00133 0.01867 0.02000
9.08000 0.09625 -0.03836 -0.09625 0.03836 0.00147 0.01853 0.02000
9.09000 0.09586 -0.04028 -0.09586 0.04028 0.00162 0.01838 0.02000
9.10000 0.09545 -0.04219 -0.09545 0.04219 0.00178 0.01822 0.02000
9.11000 0.09501 -0.04410 -0.09501 0.04410 0.00194 0.01806 0.02000
9.12000 0.09456 -0.04599 -0.09456 0.04599 0.00212 0.01788 0.02000
9.13000 0.09409 -0.04788 -0.09409 0.04788 0.00229 0.01771 0.02000
9.14000 0.09361 -0.04976 -0.09361 0.04976 0.00248 0.01752 0.02000
9.15000 0.09310 -0.05163 -0.09310 0.05163 0.00267 0.01733 0.02000
9.16000 0.09257 -0.05348 -0.09257 0.05348 0.00286 0.01714 0.02000
9.17000 0.09203 -0.05533 -0.09203 0.05533 0.00306 0.01694 0.02000
9.18000 0.09147 -0.05716 -0.09147 0.05716 0.00327 0.01673 0.02000
9.19000 0.09089 -0.05899 -0.09089 0.05899 0.00348 0.01652 0.02000
9.20000 0.09029 -0.06080 -0.09029 0.06080 0.00370 0.01630 0.02000
9.21000 0.08967 -0.06260 -0.08967 0.06260 0.00392 0.01608 0.02000
9.22000 0.08904 -0.06439 -0.08904 0.06439 0.00415 0.01585 0.02000
9.23000 0.08838 -0.06616 -0.08838 0.06616 0.00438 0.01562 0.02000
9.24000 0.08771 -0.06792 -0.08771 0.06792 0.00461 0.01539 0.02000
9.25000 0.08702 -0.06967 -0.08702 0.06967 0.00485 0.01515 0.02000
9.26000 0.08632 -0.07140 -0.08632 0.07140 0.00510 0.01490 0.02000
9.27000 0.08560 -0.07312 -0.08560 0.07312 0.00535 0.01465 0.02000
9.28000 0.08486 -0.07483 -0.08486 0.07483 0.00560 0.01440 0.02000
9.29000 0.08410 -0.07651 -0.08410 0.07651 0.00585 0.01415 0.02000
9.30000 0.08333 -0.07819 -0.08333 0.07819 0.00611 0.01389 0.02000
9.31000 0.08254 -0.07985 -0.08254 0.07985 0.00638 0.01362 0.02000
9.32000 0.08173 -0.08149 -0.08173 0.08149 0.00664 0.01336 0.02000
9.33000 0.08091 -0.08312 -0.08091 0.08312 0.00691 0.01309 0.02000
9.34000 0.08007 -0.08473 -0.08007 0.08473 0.00718 0.01282 0.02000
9.35000 0.07921 -0.08632 -0.07921 0.08632 0.00745 0.01255 0.02000
9.36000 0.07834 -0.08789 -0.07834 0.08789 0.00773 0.01227 0.02000
9.37000 0.07745 -0.08945 -0.07745 0.08945 0.00800 0.01200 0.02000
9.38000 0.07655 -0.09099 -0.07655 0.09099 0.00828 0.01172 0.02000
9.39000 0.07563 -0.09251 -0.07563 0.09251 0.00856 0.01144 0.02000
9.40000 0.07470 -0.09402 -0.07470 0.09402 0.00884 0.01116 0.02000
9.41000 0.07375 -0.09550 -0.07375 0.09550 0.00912 0.01088 0.02000
9.42000 0.07279 -0.09697 -0.07279 0.09697 0.00940 0.01060 0.02000
9.43000 0.07181 -0.09841 -0.07181 0.09841 0.00969 0.01031 0.02000
9.44000 0.07082 -0.09984 -0.07082 0.09984 0.00997 0.01003 0.02000
9.45000 0.06982 -0.10125 -0.06982 0.10125 0.01025 0.00975 0.02000
9.46000 0.06880 -0.10263 -0.06880 0.10263 0.01053 0.00947 0.02000
9.47000 0.06777 -0.10400 -0.06777 0.10400 0.01082 0.00918 0.02000
9.48000 0.06672 -0.10534 -0.06672 0.10534 0.01110 0.00890 0.02000
9.49000 0.06566 -0.10667 -0.06566 0.10667 0.01138 0.00862 0.02000
9.50000 0.06459 -0.10797 -0.06459 0.10797 0.01166 0.00834 0.02000
9.51000 0.06350 -0.10925 -0.06350 0.10925 0.01194 0.00806 0.02000
9.52000 0.06240 -0.11051 -0.06240 0.11051 0.01221 0.00779 0.02000
9.53000 0.06129 -0.11175 -0.06129 0.11175 0.01249 0.00751 0.02000
9.54000 0.06017 -0.11296 -0.06017 0.11296 0.01276 0.00724 0.02000
9.55000 0.05903 -0.11415 -0.05903 0.11415 0.01303 0.00697 0.02000
9.56000 0.05788 -0.11532 -0.05788 0.11532 0.01330 0.00670 0.02000
9.57000 0.05672 -0.11647 -0.05672 0.11647 0.01356 0.00644 0.02000
9.58000 0.05555 -0.11759 -0.05555 0.11759 0.01383 0.00617 0.02000
9.59000 0.05437 -0.11869 -0.05437 0.11869 0.01409 0.00591 0.02000
9.60000 0.05318 -0.11977 -0.05318 0.11977 0.01434 0.00566 0.02000
9.61000 0.05198 -0.12082 -0.05198 0.12082 0.01460 0.00540 0.02000
9.62000 0.05076 -0.12185 -0.05076 0.12185 0.01485 0.00515 0.02000
9.63000 0.04954 -0.12285 -0.04954 0.12285 0.01509 0.00491 0.02000
9.64000 0.04831 -0.12383 -0.04831 0.12383 0.01533 0.00467 0.02000
9.65000 0.04706 -0.12478 -0.04706 0.12478 0.01557 0.00443 0.02000
9.66000 0.04581 -0.12571 -0.04581 0.12571 0.01580 0.00420 0.02000
9.67000 0.04455 -0.12661 -0.04455 0.12661 0.01603 0.00397 0.02000
9.68000 0.04328 -0.12749 -0.04328 0.12749 0.01625 0.00375 0.02000
9.69000 0.04200 -0.12834 -0.04200 0.12834 0.01647 0.00353 0.02000
9.70000 0.04071 -0.12917 -0.04071 0.12917 0.01669 0.00331 0.02000
9.71000 0.03942 -0.12997 -0.03942 0.12997 0.01689 0.00311 0.02000
9.72000 0.03811 -0.13075 -0.03811 0.13075 0.01709 0.00291 0.02000
9.73000 0.03680 -0.13150 -0.03680 0.13150 0.01729 0.00271 0.02000
9.74000 0.03548 -0.13222 -0.03548 0.13222 0.01748 0.00252 0.02000
9.75000 0.03416 -0.13292 -0.03416 0.13292 0.01767 0.00233 0.02000
9.76000 0.03282 -0.13359 -0.03282 0.13359 0.01785 0.00215 0.02000
9.77000 0.03149 -0.13423 -0.03149 0.13423 0.01802 0.00198 0.02000
9.78000 0.03014 -0.13485 -0.03014 0.13485 0.01818 0.00182 0.02000
9.79000 0.02879 -0.13543 -0.02879 0.13543 0.01834 0.00166 0.02000
9.80000 0.02743 -0.13600 -0.02743 0.13600 0.01850 0.00150 0.02000
9.81000 0.02607 -0.13653 -0.02607 0.13653 0.01864 0.00136 0.02000
9.82000 0.02470 -0.13704 -0.02470 0.13704 0.01878 0.00122 0.02000
9.83000 0.02333 -0.13752 -0.02333 0.13752 0.01891 0.00109 0.02000
9.84000 0.02195 -0.13797 -0.02195 0.13797 0.01904 0.00096 0.02000
9.85000 0.02057 -0.13840 -0.02057 0.13840 0.01915 0.00085 0.02000
9.86000 0.01918 -0.13880 -0.01918 0.13880 0.01926 0.00074 0.02000
9.87000 0.01779 -0.13916 -0.01779 0.13916 0.01937 0.00063 0.02000
9.88000 0.01640 -0.13951 -0.01640 0.13951 0.01946 0.00054 0.02000
9.89000 0.01500 -0.13982 -0.01500 0.13982 0.01955 0.00045 0.02000
9.90000 0.01360 -0.14011 -0.01360 0.14011 0.01963 0.00037 0.02000
9.91000 0.01220 -0.14036 -0.01220 0.14036 0.01970 0.00030 0.02000
9.92000 0.01080 -0.14059 -0.01080 0.14059 0.01977 0.00023 0.02000
9.93000 0.00939 -0.14080 -0.00939 0.14080 0.01982 0.00018 0.02000
9.94000 0.00798 -0.14097 -0.00798 0.14097 0.01987 0.00013 0.02000
9.95000 0.00657 -0.14112 -0.00657 0.14112 0.01991 0.00009 0.02000
9.96000 0.00516 -0.14123 -0.00516 0.14123 0.01995 0.00005 0.02000
9.97000 0.00374 -0.14132 -0.00374 0.14132 0.01997 0.00003 0.02000
9.98000 0.00233 -0.14138 -0.00233 0.14138 0.01999 0.00001 0.02000
9.99000 0.00092 -0.14142 -0.00092 0.14142 0.02000 0.00000 0.02000
