# t x1 v1 x2 v2 E_kin E_pot E_tot
0.00000 0.10000 0.00000 -0.10000 0.00000 0.00000 0.11000 0.11000
0.01000 0.09995 -0.01100 -0.09995 0.01100 0.00012 0.10988 0.11000
0.02000 0.09978 -0.02198 -0.09978 0.02198 0.00048 0.10952 0.11000
0.03000 0.09951 -0.03295 -0.09951 0.03295 0.00109 0.10891 0.11000
0.04000 0.09912 -0.04387 -0.09912 0.04387 0.00192 0.10808 0.11000
0.05000 0.09863 -0.05475 -0.09863 0.05475 0.00300 0.10700 0.11000
0.06000 0.09803 -0.06557 -0.09803 0.06557 0.00430 0.10570 0.11000
0.07000 0.09732 -0.07631 -0.09732 0.07631 0.00582 0.10418 0.11000
0.08000 0.09650 -0.08697 -0.09650 0.08697 0.00756 0.10244 0.11000
0.09000 0.09558 -0.09754 -0.09558 0.09754 0.00951 0.10049 0.11000
0.10000 0.09455 -0.10799 -0.09455 0.10799 0.01166 0.09834 0.11000
0.11000 0.09342 -0.11833 -0.09342 0.11833 0.01400 0.09600 0.11000
0.12000 0.09218 -0.12854 -0.09218 0.12854 0.01652 0.09348 0.11000
0.13000 0.09085 -0.13861 -0.09085 0.13861 0.01921 0.09079 0.11000
0.14000 0.08941 -0.14853 -0.08941 0.14853 0.02206 0.08794 0.11000
0.15000 0.08788 -0.15828 -0.08788 0.15828 0.02505 0.08495 0.11000
0.16000 0.08625 -0.16786 -0.08625 0.16786 0.02818 0.08182 0.11000
0.17000 0.08452 -0.17725 -0.08452 0.17725 0.03142 0.07858 0.11000
0.18000 0.08270 -0.18645 -0.08270 0.18645 0.03476 0.07524 0.11000
0.19000 0.08079 -0.19544 -0.08079 0.19544 0.03820 0.07180 0.11000
0.20000 0.07879 -0.20422 -0.07879 0.20422 0.04170 0.06830 0.11000
0.21000 0.07671 -0.21277 -0.07671 0.21277 0.04527 0.06473 0.11000
0.22000 0.07454 -0.22109 -0.07454 0.22109 0.04888 0.06112 0.11000
0.23000 0.07229 -0.22917 -0.07229 0.22917 0.05252 0.05748 0.11000
0.24000 0.06996 -0.23699 -0.06996 0.23699 0.05617 0.05383 0.11000
0.25000 0.06755 -0.24456 -0.06755 0.24456 0.05981 0.05019 0.11000
0.26000 0.06507 -0.25185 -0.06507 0.25185 0.06343 0.04657 0.11000
0.27000 0.06251 -0.25887 -0.06251 0.25887 0.06701 0.04299 0.11000
0.28000 0.05989 -0.26560 -0.05989 0.26560 0.07054 0.03946 0.11000
0.29000 0.05720 -0.27204 -0.05720 0.27204 0.07401 0.03599 0.11000
0.30000 0.05445 -0.27818 -0.05445 0.27818 0.07739 0.03261 0.11000
0.31000 0.05164 -0.28402 -0.05164 0.28402 0.08067 0.02933 0.11000
0.32000 0.04877 -0.28954 -0.04877 0.28954 0.08383 0.02617 0.11000
0.33000 0.04585 -0.29475 -0.04585 0.29475 0.08688 0.02312 0.11000
0.34000 0.04288 -0.29963 -0.04288 0.29963 0.08978 0.02022 0.11000
0.35000 0.03986 -0.30418 -0.03986 0.30418 0.09252 0.01748 0.11000
0.36000 0.03680 -0.30839 -0.03680 0.30839 0.09511 0.01489 0.11000
0.37000 0.03369 -0.31227 -0.03369 0.31227 0.09751 0.01249 0.11000
0.38000 0.03055 -0.31580 -0.03055 0.31580 0.09973 0.01027 0.11000
0.39000 0.02738 -0.31899 -0.02738 0.31899 0.10176 0.00824 0.11000
0.40000 0.02417 -0.32183 -0.02417 0.32183 0.10357 0.00643 0.11000
0.41000 0.02094 -0.32431 -0.02094 0.32431 0.10518 0.00482 0.11000
0.42000 0.01769 -0.32643 -0.01769 0.32643 0.10656 0.00344 0.11000
0.43000 0.01441 -0.32820 -0.01441 0.32820 0.10771 0.00229 0.11000
0.44000 0.01113 -0.32960 -0.01113 0.32960 0.10864 0.00136 0.11000
0.45000 0.00782 -0.33065 -0.00782 0.33065 0.10933 0.00067 0.11000
0.46000 0.00451 -0.33132 -0.00451 0.33132 0.10978 0.00022 0.11000
0.47000 0.00120 -0.33164 -0.00120 0.33164 0.10998 0.00002 0.11000
0.48000 -0.00212 -0.33159 0.00212 0.33159 0.10995 0.00005 0.11000
0.49000 -0.00543 -0.33117 0.00543 0.33117 0.10968 0.00032 0.11000
0.50000 -0.00874 -0.33039 0.00874 0.33039 0.10916 0.00084 0.11000
0.51000 -0.01204 -0.32925 0.01204 0.32925 0.10841 0.00159 0.11000
0.52000 -0.01532 -0.32775 0.01532 0.32775 0.10742 0.00258 0.11000
0.53000 -0.01859 -0.32588 0.01859 0.32588 0.10620 0.00380 0.11000
0.54000 -0.02184 -0.32366 0.02184 0.32366 0.10475 0.00525 0.11000
0.55000 -0.02506 -0.32108 0.02506 0.32108 0.10309 0.00691 0.11000
0.56000 -0.02826 -0.31814 0.02826 0.31814 0.10121 0.00879 0.11000
0.57000 -0.03143 -0.31486 0.03143 0.31486 0.09914 0.01086 0.11000
0.58000 -0.03456 -0.31123 0.03456 0.31123 0.09686 0.01314 0.11000
0.59000 -0.03765 -0.30726 0.03765 0.30726 0.09441 0.01559 0.11000
0.60000 -0.04070 -0.30295 0.04070 0.30295 0.09178 0.01822 0.11000
0.61000 -0.04371 -0.29831 0.04371 0.29831 0.08899 0.02101 0.11000
0.62000 -0.04667 -0.29333 0.04667 0.29333 0.08605 0.02395 0.11000
0.63000 -0.04957 -0.28804 0.04957 0.28804 0.08297 0.02703 0.11000
0.64000 -0.05243 -0.28243 0.05243 0.28243 0.07977 0.03023 0.11000
0.65000 -0.05522 -0.27651 0.05522 0.27651 0.07646 0.03354 0.11000
0.66000 -0.05795 -0.27028 0.05795 0.27028 0.07305 0.03695 0.11000
0.67000 -0.06063 -0.26376 0.06063 0.26376 0.06957 0.04043 0.11000
0.68000 -0.06323 -0.25695 0.06323 0.25695 0.06602 0.04398 0.11000
0.69000 -0.06576 -0.24985 0.06576 0.24985 0.06243 0.04757 0.11000
0.70000 -0.06823 -0.24248 0.06823 0.24248 0.05880 0.05120 0.11000
0.71000 -0.07061 -0.23485 0.07061 0.23485 0.05515 0.05485 0.11000
0.72000 -0.07292 -0.22695 0.07292 0.22695 0.05151 0.05849 0.11000
0.73000 -0.07515 -0.21881 0.07515 0.21881 0.04788 0.06212 0.11000
0.74000 -0.07730 -0.21042 0.07730 0.21042 0.04428 0.06572 0.11000
0.75000 -0.07936 -0.20180 0.07936 0.20180 0.04073 0.06927 0.11000
0.76000 -0.08133 -0.19297 0.08133 0.19297 0.03724 0.07276 0.11000
0.77000 -0.08322 -0.18392 0.08322 0.18392 0.03382 0.07618 0.11000
0.78000 -0.08501 -0.17466 0.08501 0.17466 0.03051 0.07949 0.11000
0.79000 -0.08671 -0.16522 0.08671 0.16522 0.02730 0.08270 0.11000
0.80000 -0.08831 -0.15559 0.08831 0.15559 0.02421 0.08579 0.11000
0.81000 -0.08982 -0.14579 0.08982 0.14579 0.02125 0.08875 0.11000
0.82000 -0.09123 -0.13583 0.09123 0.13583 0.01845 0.09155 0.11000
0.83000 -0.09254 -0.12572 0.09254 0.12572 0.01581 0.09419 0.11000
0.84000 -0.09374 -0.11548 0.09374 0.11548 0.01334 0.09666 0.11000
0.85000 -0.09485 -0.10510 0.09485 0.10510 0.01105 0.09895 0.11000
0.86000 -0.09584 -0.09462 0.09584 0.09462 0.00895 0.10105 0.11000
0.87000 -0.09674 -0.08402 0.09674 0.08402 0.00706 0.10294 0.11000
0.88000 -0.09752 -0.07334 0.09752 0.07334 0.00538 0.10462 0.11000
0.89000 -0.09820 -0.06257 0.09820 0.06257 0.00392 0.10608 0.11000
0.90000 -0.09878 -0.05174 0.09878 0.05174 0.00268 0.10732 0.11000
0.91000 -0.09924 -0.04084 0.09924 0.04084 0.00167 0.10833 0.11000
0.92000 -0.09959 -0.02991 0.09959 0.02991 0.00089 0.10911 0.11000
0.93000 -0.09984 -0.01894 0.09984 0.01894 0.00036 0.10964 0.11000
0.94000 -0.09997 -0.00795 0.09997 0.00795 0.00006 0.10994 0.11000
0.95000 -0.10000 0.00305 0.10000 -0.00305 0.00001 0.10999 0.11000
0.96000 -0.09991 0.01405 0.09991 -0.01405 0.00020 0.10980 0.11000
0.97000 -0.09971 0.02503 0.09971 -0.02503 0.00063 0.10937 0.11000
0.98000 -0.09941 0.03598 0.09941 -0.03598 0.00129 0.10871 0.11000
0.99000 -0.09900 0.04689 0.09900 -0.04689 0.00220 0.10780 0.11000
1.00000 -0.09847 0.05776 0.09847 -0.05776 0.00334 0.10666 0.11000
1.01000 -0.09784 0.06855 0.09784 -0.06855 0.00470 0.10530 0.11000
1.02000 -0.09710 0.07928 0.09710 -0.07928 0.00628 0.10372 0.11000
1.03000 -0.09626 0.08991 0.09626 -0.08991 0.00808 0.10192 0.11000
1.04000 -0.09530 0.10045 0.09530 -0.10045 0.01009 0.09991 0.11000
1.05000 -0.09425 0.11088 0.09425 -0.11088 0.01229 0.09771 0.11000
1.06000 -0.09309 0.12118 0.09309 -0.12118 0.01468 0.09532 0.11000
1.07000 -0.09182 0.13135 0.09182 -0.13135 0.01725 0.09275 0.11000
1.08000 -0.09046 0.14138 0.09046 -0.14138 0.01999 0.09001 0.11000
1.09000 -0.08900 0.15125 0.08900 -0.15125 0.02288 0.08712 0.11000
1.10000 -0.08744 0.16095 0.08744 -0.16095 0.02591 0.08409 0.11000
1.11000 -0.08578 0.17048 0.08578 -0.17048 0.02906 0.08094 0.11000
1.12000 -0.08403 0.17982 0.08403 -0.17982 0.03234 0.07766 0.11000
1.13000 -0.08218 0.18896 0.08218 -0.18896 0.03571 0.07429 0.11000
1.14000 -0.08025 0.19790 0.08025 -0.19790 0.03916 0.07084 0.11000
1.15000 -0.07823 0.20661 0.07823 -0.20661 0.04269 0.06731 0.11000
1.16000 -0.07612 0.21510 0.07612 -0.21510 0.04627 0.06373 0.11000
1.17000 -0.07392 0.22336 0.07392 -0.22336 0.04989 0.06011 0.11000
1.18000 -0.07165 0.23136 0.07165 -0.23136 0.05353 0.05647 0.11000
1.19000 -0.06930 0.23912 0.06930 -0.23912 0.05718 0.05282 0.11000
1.20000 -0.06687 0.24661 0.06687 -0.24661 0.06081 0.04919 0.11000
1.21000 -0.06437 0.25382 0.06437 -0.25382 0.06443 0.04557 0.11000
1.22000 -0.06179 0.26076 0.06179 -0.26076 0.06800 0.04200 0.11000
1.23000 -0.05915 0.26742 0.05915 -0.26742 0.07151 0.03849 0.11000
1.24000 -0.05645 0.27378 0.05645 -0.27378 0.07495 0.03505 0.11000
1.25000 -0.05368 0.27983 0.05368 -0.27983 0.07831 0.03169 0.11000
1.26000 -0.05085 0.28558 0.05085 -0.28558 0.08156 0.02844 0.11000
1.27000 -0.04797 0.29102 0.04797 -0.29102 0.08469 0.02531 0.11000
1.28000 -0.04503 0.29613 0.04503 -0.29613 0.08769 0.02231 0.11000
1.29000 -0.04205 0.30092 0.04205 -0.30092 0.09055 0.01945 0.11000
1.30000 -0.03901 0.30538 0.03901 -0.30538 0.09326 0.01674 0.11000
1.31000 -0.03594 0.30950 0.03594 -0.30950 0.09579 0.01421 0.11000
1.32000 -0.03282 0.31329 0.03282 -0.31329 0.09815 0.01185 0.11000
1.33000 -0.02967 0.31672 0.02967 -0.31672 0.10031 0.00969 0.11000
1.34000 -0.02649 0.31981 0.02649 -0.31981 0.10228 0.00772 0.11000
1.35000 -0.02328 0.32255 0.02328 -0.32255 0.10404 0.00596 0.11000
1.36000 -0.02004 0.32493 0.02004 -0.32493 0.10558 0.00442 0.11000
1.37000 -0.01678 0.32696 0.01678 -0.32696 0.10690 0.00310 0.11000
1.38000 -0.01350 0.32862 0.01350 -0.32862 0.10799 0.00201 0.11000
1.39000 -0.01021 0.32993 0.01021 -0.32993 0.10885 0.00115 0.11000
1.40000 -0.00691 0.33087 0.00691 -0.33087 0.10948 0.00052 0.11000
1.41000 -0.00359 0.33145 0.00359 -0.33145 0.10986 0.00014 0.11000
1.42000 -0.00028 0.33166 0.00028 -0.33166 0.11000 0.00000 0.11000
1.43000 0.00304 0.33151 -0.00304 -0.33151 0.10990 0.00010 0.11000
1.44000 0.00635 0.33099 -0.00635 -0.33099 0.10956 0.00044 0.11000
1.45000 0.00966 0.33011 -0.00966 -0.33011 0.10897 0.00103 0.11000
1.46000 0.01295 0.32887 -0.01295 -0.32887 0.10815 0.00185 0.11000
1.47000 0.01623 0.32726 -0.01623 -0.32726 0.10710 0.00290 0.11000
1.48000 0.01950 0.32530 -0.01950 -0.32530 0.10582 0.00418 0.11000
1.49000 0.02274 0.32298 -0.02274 -0.32298 0.10431 0.00569 0.11000
1.50000 0.02595 0.32030 -0.02595 -0.32030 0.10259 0.00741 0.11000
1.51000 0.02914 0.31727 -0.02914 -0.31727 0.10066 0.00934 0.11000
1.52000 0.03230 0.31389 -0.03230 -0.31389 0.09852 0.01148 0.11000
1.53000 0.03542 0.31016 -0.03542 -0.31016 0.09620 0.01380 0.11000
1.54000 0.03850 0.30610 -0.03850 -0.30610 0.09369 0.01631 0.11000
1.55000 0.04154 0.30169 -0.04154 -0.30169 0.09102 0.01898 0.11000
1.56000 0.04453 0.29696 -0.04453 -0.29696 0.08818 0.02182 0.11000
1.57000 0.04748 0.29190 -0.04748 -0.29190 0.08520 0.02480 0.11000
1.58000 0.05037 0.28652 -0.05037 -0.28652 0.08209 0.02791 0.11000
1.59000 0.05321 0.28082 -0.05321 -0.28082 0.07886 0.03114 0.11000
1.60000 0.05599 0.27481 -0.05599 -0.27481 0.07552 0.03448 0.11000
1.61000 0.05870 0.26850 -0.05870 -0.26850 0.07209 0.03791 0.11000
1.62000 0.06135 0.26190 -0.06135 -0.26190 0.06859 0.04141 0.11000
1.63000 0.06394 0.25501 -0.06394 -0.25501 0.06503 0.04497 0.11000
1.64000 0.06645 0.24784 -0.06645 -0.24784 0.06142 0.04858 0.11000
1.65000 0.06890 0.24039 -0.06890 -0.24039 0.05779 0.05221 0.11000
1.66000 0.07126 0.23268 -0.07126 -0.23268 0.05414 0.05586 0.11000
1.67000 0.07355 0.22472 -0.07355 -0.22472 0.05050 0.05950 0.11000
1.68000 0.07575 0.21650 -0.07575 -0.21650 0.04687 0.06313 0.11000
1.69000 0.07788 0.20805 -0.07788 -0.20805 0.04329 0.06671 0.11000
1.70000 0.07991 0.19937 -0.07991 -0.19937 0.03975 0.07025 0.11000
1.71000 0.08186 0.19048 -0.08186 -0.19048 0.03628 0.07372 0.11000
1.72000 0.08372 0.18137 -0.08372 -0.18137 0.03289 0.07711 0.11000
1.73000 0.08549 0.17206 -0.08549 -0.17206 0.02960 0.08040 0.11000
1.74000 0.08716 0.16256 -0.08716 -0.16256 0.02643 0.08357 0.11000
1.75000 0.08874 0.15289 -0.08874 -0.15289 0.02337 0.08663 0.11000
1.76000 0.09022 0.14304 -0.09022 -0.14304 0.02046 0.08954 0.11000
1.77000 0.09160 0.13304 -0.09160 -0.13304 0.01770 0.09230 0.11000
1.78000 0.09288 0.12290 -0.09288 -0.12290 0.01510 0.09490 0.11000
1.79000 0.09406 0.11261 -0.09406 -0.11261 0.01268 0.09732 0.11000
1.80000 0.09513 0.10221 -0.09513 -0.10221 0.01045 0.09955 0.11000
1.81000 0.09610 0.09169 -0.09610 -0.09169 0.00841 0.10159 0.11000
1.82000 0.09697 0.08107 -0.09697 -0.08107 0.00657 0.10343 0.11000
1.83000 0.09772 0.07036 -0.09772 -0.07036 0.00495 0.10505 0.11000
1.84000 0.09837 0.05957 -0.09837 -0.05957 0.00355 0.10645 0.11000
1.85000 0.09892 0.04872 -0.09892 -0.04872 0.00237 0.10763 0.11000
1.86000 0.09935 0.03781 -0.09935 -0.03781 0.00143 0.10857 0.11000
1.87000 0.09967 0.02687 -0.09967 -0.02687 0.00072 0.10928 0.11000
1.88000 0.09989 0.01589 -0.09989 -0.01589 0.00025 0.10975 0.11000
1.89000 0.09999 0.00490 -0.09999 -0.00490 0.00002 0.10998 0.11000
1.90000 0.09998 -0.00610 -0.09998 0.00610 0.00004 0.10996 0.11000
1.91000 0.09987 -0.01710 -0.09987 0.01710 0.00029 0.10971 0.11000
1.92000 0.09964 -0.02807 -0.09964 0.02807 0.00079 0.10921 0.11000
1.93000 0.09931 -0.03901 -0.09931 0.03901 0.00152 0.10848 0.11000
1.94000 0.09886 -0.04991 -0.09886 0.04991 0.00249 0.10751 0.11000
1.95000 0.09831 -0.06076 -0.09831 0.06076 0.00369 0.10631 0.11000
1.96000 0.09765 -0.07154 -0.09765 0.07154 0.00512 0.10488 0.11000
1.97000 0.09688 -0.08224 -0.09688 0.08224 0.00676 0.10324 0.11000
1.98000 0.09600 -0.09285 -0.09600 0.09285 0.00862 0.10138 0.11000
1.99000 0.09502 -0.10335 -0.09502 0.10335 0.01068 0.09932 0.11000
2.00000 0.09394 -0.11375 -0.09394 0.11375 0.01294 0.09706 0.11000
2.01000 0.09275 -0.12401 -0.09275 0.12401 0.01538 0.09462 0.11000
2.02000 0.09146 -0.13415 -0.09146 0.13415 0.01800 0.09200 0.11000
2.03000 0.09006 -0.14413 -0.09006 0.14413 0.02077 0.08923 0.11000
2.04000 0.08857 -0.15396 -0.08857 0.15396 0.02370 0.08630 0.11000
2.05000 0.08699 -0.16361 -0.08699 0.16361 0.02677 0.08323 0.11000
2.06000 0.08530 -0.17309 -0.08530 0.17309 0.02996 0.08004 0.11000
2.07000 0.08352 -0.18238 -0.08352 0.18238 0.03326 0.07674 0.11000
2.08000 0.08165 -0.19146 -0.08165 0.19146 0.03666 0.07334 0.11000
2.09000 0.07970 -0.20034 -0.07970 0.20034 0.04014 0.06986 0.11000
2.10000 0.07765 -0.20899 -0.07765 0.20899 0.04368 0.06632 0.11000
2.11000 0.07552 -0.21742 -0.07552 0.21742 0.04727 0.06273 0.11000
2.12000 0.07330 -0.22560 -0.07330 0.22560 0.05090 0.05910 0.11000
2.13000 0.07101 -0.23354 -0.07101 0.23354 0.05454 0.05546 0.11000
2.14000 0.06863 -0.24122 -0.06863 0.24122 0.05819 0.05181 0.11000
2.15000 0.06618 -0.24864 -0.06618 0.24864 0.06182 0.04818 0.11000
2.16000 0.06366 -0.25578 -0.06366 0.25578 0.06542 0.04458 0.11000
2.17000 0.06107 -0.26264 -0.06107 0.26264 0.06898 0.04102 0.11000
2.18000 0.05841 -0.26921 -0.05841 0.26921 0.07247 0.03753 0.11000
2.19000 0.05568 -0.27549 -0.05568 0.27549 0.07589 0.03411 0.11000
2.20000 0.05290 -0.28146 -0.05290 0.28146 0.07922 0.03078 0.11000
2.21000 0.05006 -0.28712 -0.05006 0.28712 0.08244 0.02756 0.11000
2.22000 0.04716 -0.29247 -0.04716 0.29247 0.08554 0.02446 0.11000
2.23000 0.04421 -0.29749 -0.04421 0.29749 0.08850 0.02150 0.11000
2.24000 0.04121 -0.30219 -0.04121 0.30219 0.09132 0.01868 0.11000
2.25000 0.03816 -0.30656 -0.03816 0.30656 0.09398 0.01602 0.11000
2.26000 0.03508 -0.31059 -0.03508 0.31059 0.09646 0.01354 0.11000
2.27000 0.03195 -0.31427 -0.03195 0.31427 0.09877 0.01123 0.11000
2.28000 0.02879 -0.31762 -0.02879 0.31762 0.10088 0.00912 0.11000
2.29000 0.02560 -0.32061 -0.02560 0.32061 0.10279 0.00721 0.11000
2.30000 0.02238 -0.32325 -0.02238 0.32325 0.10449 0.00551 0.11000
2.31000 0.01914 -0.32553 -0.01914 0.32553 0.10597 0.00403 0.11000
2.32000 0.01587 -0.32746 -0.01587 0.32746 0.10723 0.00277 0.11000
2.33000 0.01259 -0.32902 -0.01259 0.32902 0.10826 0.00174 0.11000
2.34000 0.00929 -0.33023 -0.00929 0.33023 0.10905 0.00095 0.11000
2.35000 0.00599 -0.33107 -0.00599 0.33107 0.10961 0.00039 0.11000
2.36000 0.00267 -0.33154 -0.00267 0.33154 0.10992 0.00008 0.11000
2.37000 -0.00064 -0.33166 0.00064 0.33166 0.11000 0.00000 0.11000
2.38000 -0.00396 -0.33140 0.00396 0.33140 0.10983 0.00017 0.11000
2.39000 -0.00727 -0.33079 0.00727 0.33079 0.10942 0.00058 0.11000
2.40000 -0.01057 -0.32980 0.01057 0.32980 0.10877 0.00123 0.11000
2.41000 -0.01386 -0.32846 0.01386 0.32846 0.10789 0.00211 0.11000
2.42000 -0.01714 -0.32675 0.01714 0.32675 0.10677 0.00323 0.11000
2.43000 -0.02040 -0.32469 0.02040 0.32469 0.10542 0.00458 0.11000
2.44000 -0.02363 -0.32227 0.02363 0.32227 0.10386 0.00614 0.11000
2.45000 -0.02684 -0.31949 0.02684 0.31949 0.10207 0.00793 0.11000
2.46000 -0.03002 -0.31636 0.03002 0.31636 0.10009 0.00991 0.11000
2.47000 -0.03317 -0.31289 0.03317 0.31289 0.09790 0.01210 0.11000
2.48000 -0.03628 -0.30907 0.03628 0.30907 0.09552 0.01448 0.11000
2.49000 -0.03935 -0.30491 0.03935 0.30491 0.09297 0.01703 0.11000
2.50000 -0.04237 -0.30041 0.04237 0.30041 0.09025 0.01975 0.11000
2.51000 -0.04536 -0.29559 0.04536 0.29559 0.08737 0.02263 0.11000
2.52000 -0.04829 -0.29044 0.04829 0.29044 0.08435 0.02565 0.11000
2.53000 -0.05116 -0.28497 0.05116 0.28497 0.08121 0.02879 0.11000
2.54000 -0.05398 -0.27918 0.05398 0.27918 0.07794 0.03206 0.11000
2.55000 -0.05675 -0.27309 0.05675 0.27309 0.07458 0.03542 0.11000
2.56000 -0.05944 -0.26670 0.05944 0.26670 0.07113 0.03887 0.11000
2.57000 -0.06208 -0.26002 0.06208 0.26002 0.06761 0.04239 0.11000
2.58000 -0.06464 -0.25305 0.06464 0.25305 0.06403 0.04597 0.11000
2.59000 -0.06714 -0.24580 0.06714 0.24580 0.06042 0.04958 0.11000
2.60000 -0.06956 -0.23828 0.06956 0.23828 0.05678 0.05322 0.11000
2.61000 -0.07190 -0.23050 0.07190 0.23050 0.05313 0.05687 0.11000
2.62000 -0.07417 -0.22246 0.07417 0.22246 0.04949 0.06051 0.11000
2.63000 -0.07635 -0.21418 0.07635 0.21418 0.04587 0.06413 0.11000
2.64000 -0.07845 -0.20567 0.07845 0.20567 0.04230 0.06770 0.11000
2.65000 -0.08046 -0.19693 0.08046 0.19693 0.03878 0.07122 0.11000
2.66000 -0.08239 -0.18797 0.08239 0.18797 0.03533 0.07467 0.11000
2.67000 -0.08422 -0.17881 0.08422 0.17881 0.03197 0.07803 0.11000
2.68000 -0.08596 -0.16944 0.08596 0.16944 0.02871 0.08129 0.11000
2.69000 -0.08761 -0.15990 0.08761 0.15990 0.02557 0.08443 0.11000
2.70000 -0.08916 -0.15017 0.08916 0.15017 0.02255 0.08745 0.11000
2.71000 -0.09061 -0.14028 0.09061 0.14028 0.01968 0.09032 0.11000
2.72000 -0.09197 -0.13024 0.09197 0.13024 0.01696 0.09304 0.11000
2.73000 -0.09322 -0.12006 0.09322 0.12006 0.01441 0.09559 0.11000
2.74000 -0.09437 -0.10974 0.09437 0.10974 0.01204 0.09796 0.11000
2.75000 -0.09541 -0.09930 0.09541 0.09930 0.00986 0.10014 0.11000
2.76000 -0.09635 -0.08875 0.09635 0.08875 0.00788 0.10212 0.11000
2.77000 -0.09719 -0.07810 0.09719 0.07810 0.00610 0.10390 0.11000
2.78000 -0.09792 -0.06737 0.09792 0.06737 0.00454 0.10546 0.11000
2.79000 -0.09853 -0.05657 0.09853 0.05657 0.00320 0.10680 0.11000
2.80000 -0.09905 -0.04570 0.09905 0.04570 0.00209 0.10791 0.11000
2.81000 -0.09945 -0.03478 0.09945 0.03478 0.00121 0.10879 0.11000
2.82000 -0.09974 -0.02382 0.09974 0.02382 0.00057 0.10943 0.11000
2.83000 -0.09993 -0.01284 0.09993 0.01284 0.00016 0.10984 0.11000
2.84000 -0.10000 -0.00185 0.10000 0.00185 0.00000 0.11000 0.11000
2.85000 -0.09996 0.00915 0.09996 -0.00915 0.00008 0.10992 0.11000
2.86000 -0.09982 0.02014 0.09982 -0.02014 0.00041 0.10959 0.11000
2.87000 -0.09956 0.03111 0.09956 -0.03111 0.00097 0.10903 0.11000
2.88000 -0.09919 0.04204 0.09919 -0.04204 0.00177 0.10823 0.11000
2.89000 -0.09872 0.05293 0.09872 -0.05293 0.00280 0.10720 0.11000
2.90000 -0.09813 0.06376 0.09813 -0.06376 0.00406 0.10594 0.11000
2.91000 -0.09744 0.07451 0.09744 -0.07451 0.00555 0.10445 0.11000
2.92000 -0.09665 0.08519 0.09665 -0.08519 0.00726 0.10274 0.11000
2.93000 -0.09574 0.09577 0.09574 -0.09577 0.00917 0.10083 0.11000
2.94000 -0.09473 0.10625 0.09473 -0.10625 0.01129 0.09871 0.11000
2.95000 -0.09362 0.11661 0.09362 -0.11661 0.01360 0.09640 0.11000
2.96000 -0.09240 0.12684 0.09240 -0.12684 0.01609 0.09391 0.11000
2.97000 -0.09108 0.13693 0.09108 -0.13693 0.01875 0.09125 0.11000
2.98000 -0.08966 0.14687 0.08966 -0.14687 0.02157 0.08843 0.11000
2.99000 -0.08814 0.15665 0.08814 -0.15665 0.02454 0.08546 0.11000
3.00000 -0.08653 0.16626 0.08653 -0.16626 0.02764 0.08236 0.11000
3.01000 -0.08482 0.17569 0.08482 -0.17569 0.03087 0.07913 0.11000
3.02000 -0.08301 0.18492 0.08301 -0.18492 0.03419 0.07581 0.11000
3.03000 -0.08112 0.19395 0.08112 -0.19395 0.03762 0.07238 0.11000
3.04000 -0.07914 0.20276 0.07914 -0.20276 0.04111 0.06889 0.11000
3.05000 -0.07707 0.21135 0.07707 -0.21135 0.04467 0.06533 0.11000
3.06000 -0.07491 0.21971 0.07491 -0.21971 0.04827 0.06173 0.11000
3.07000 -0.07267 0.22783 0.07267 -0.22783 0.05191 0.05809 0.11000
3.08000 -0.07035 0.23570 0.07035 -0.23570 0.05555 0.05445 0.11000
3.09000 -0.06796 0.24330 0.06796 -0.24330 0.05920 0.05080 0.11000
3.10000 -0.06549 0.25065 0.06549 -0.25065 0.06282 0.04718 0.11000
3.11000 -0.06295 0.25771 0.06295 -0.25771 0.06641 0.04359 0.11000
3.12000 -0.06034 0.26449 0.06034 -0.26449 0.06996 0.04004 0.11000
3.13000 -0.05766 0.27098 0.05766 -0.27098 0.07343 0.03657 0.11000
3.14000 -0.05492 0.27717 0.05492 -0.27717 0.07683 0.03317 0.11000
3.15000 -0.05212 0.28306 0.05212 -0.28306 0.08012 0.02988 0.11000
3.16000 -0.04926 0.28864 0.04926 -0.28864 0.08331 0.02669 0.11000
3.17000 -0.04634 0.29390 0.04634 -0.29390 0.08637 0.02363 0.11000
3.18000 -0.04338 0.29883 0.04338 -0.29883 0.08930 0.02070 0.11000
3.19000 -0.04037 0.30344 0.04037 -0.30344 0.09207 0.01793 0.11000
3.20000 -0.03731 0.30771 0.03731 -0.30771 0.09469 0.01531 0.11000
3.21000 -0.03422 0.31164 0.03422 -0.31164 0.09712 0.01288 0.11000
3.22000 -0.03108 0.31524 0.03108 -0.31524 0.09937 0.01063 0.11000
3.23000 -0.02791 0.31848 0.02791 -0.31848 0.10143 0.00857 0.11000
3.24000 -0.02471 0.32138 0.02471 -0.32138 0.10328 0.00672 0.11000
3.25000 -0.02149 0.32392 0.02149 -0.32392 0.10492 0.00508 0.11000
3.26000 -0.01824 0.32610 0.01824 -0.32610 0.10634 0.00366 0.11000
3.27000 -0.01496 0.32793 0.01496 -0.32793 0.10754 0.00246 0.11000
3.28000 -0.01168 0.32939 0.01168 -0.32939 0.10850 0.00150 0.11000
3.29000 -0.00838 0.33050 0.00838 -0.33050 0.10923 0.00077 0.11000
3.30000 -0.00507 0.33124 0.00507 -0.33124 0.10972 0.00028 0.11000
3.31000 -0.00175 0.33161 0.00175 -0.33161 0.10997 0.00003 0.11000
3.32000 0.00156 0.33162 -0.00156 -0.33162 0.10997 0.00003 0.11000
3.33000 0.00488 0.33127 -0.00488 -0.33127 0.10974 0.00026 0.11000
3.34000 0.00819 0.33055 -0.00819 -0.33055 0.10926 0.00074 0.11000
3.35000 0.01149 0.32947 -0.01149 -0.32947 0.10855 0.00145 0.11000
3.36000 0.01477 0.32802 -0.01477 -0.32802 0.10760 0.00240 0.11000
3.37000 0.01805 0.32622 -0.01805 -0.32622 0.10642 0.00358 0.11000
3.38000 0.02130 0.32405 -0.02130 -0.32405 0.10501 0.00499 0.11000
3.39000 0.02453 0.32153 -0.02453 -0.32153 0.10338 0.00662 0.11000
3.40000 0.02773 0.31866 -0.02773 -0.31866 0.10154 0.00846 0.11000
3.41000 0.03090 0.31543 -0.03090 -0.31543 0.09950 0.01050 0.11000
3.42000 0.03403 0.31186 -0.03403 -0.31186 0.09726 0.01274 0.11000
3.43000 0.03713 0.30795 -0.03713 -0.30795 0.09483 0.01517 0.11000
3.44000 0.04019 0.30369 -0.04019 -0.30369 0.09223 0.01777 0.11000
3.45000 0.04321 0.29911 -0.04321 -0.29911 0.08947 0.02053 0.11000
3.46000 0.04617 0.29419 -0.04617 -0.29419 0.08655 0.02345 0.11000
3.47000 0.04909 0.28895 -0.04909 -0.28895 0.08349 0.02651 0.11000
3.48000 0.05195 0.28339 -0.05195 -0.28339 0.08031 0.02969 0.11000
3.49000 0.05476 0.27752 -0.05476 -0.27752 0.07702 0.03298 0.11000
3.50000 0.05750 0.27135 -0.05750 -0.27135 0.07363 0.03637 0.11000
3.51000 0.06018 0.26488 -0.06018 -0.26488 0.07016 0.03984 0.11000
3.52000 0.06280 0.25811 -0.06280 -0.25811 0.06662 0.04338 0.11000
3.53000 0.06534 0.25106 -0.06534 -0.25106 0.06303 0.04697 0.11000
3.54000 0.06782 0.24374 -0.06782 -0.24374 0.05941 0.05059 0.11000
3.55000 0.07022 0.23615 -0.07022 -0.23615 0.05576 0.05424 0.11000
3.56000 0.07254 0.22829 -0.07254 -0.22829 0.05212 0.05788 0.11000
3.57000 0.07478 0.22019 -0.07478 -0.22019 0.04848 0.06152 0.11000
3.58000 0.07694 0.21184 -0.07694 -0.21184 0.04488 0.06512 0.11000
3.59000 0.07902 0.20327 -0.07902 -0.20327 0.04132 0.06868 0.11000
3.60000 0.08101 0.19446 -0.08101 -0.19446 0.03782 0.07218 0.11000
3.61000 0.08291 0.18545 -0.08291 -0.18545 0.03439 0.07561 0.11000
3.62000 0.08472 0.17623 -0.08472 -0.17623 0.03106 0.07894 0.11000
3.63000 0.08643 0.16681 -0.08643 -0.16681 0.02783 0.08217 0.11000
3.64000 0.08805 0.15722 -0.08805 -0.15722 0.02472 0.08528 0.11000
3.65000 0.08957 0.14745 -0.08957 -0.14745 0.02174 0.08826 0.11000
3.66000 0.09100 0.13751 -0.09100 -0.13751 0.01891 0.09109 0.11000
3.67000 0.09232 0.12743 -0.09232 -0.12743 0.01624 0.09376 0.11000
3.68000 0.09355 0.11721 -0.09355 -0.11721 0.01374 0.09626 0.11000
3.69000 0.09467 0.10685 -0.09467 -0.10685 0.01142 0.09858 0.11000
3.70000 0.09568 0.09638 -0.09568 -0.09638 0.00929 0.10071 0.11000
3.71000 0.09660 0.08581 -0.09660 -0.08581 0.00736 0.10264 0.11000
3.72000 0.09740 0.07514 -0.09740 -0.07514 0.00565 0.10435 0.11000
3.73000 0.09810 0.06438 -0.09810 -0.06438 0.00415 0.10585 0.11000
3.74000 0.09869 0.05356 -0.09869 -0.05356 0.00287 0.10713 0.11000
3.75000 0.09917 0.04268 -0.09917 -0.04268 0.00182 0.10818 0.11000
3.76000 0.09954 0.03175 -0.09954 -0.03175 0.00101 0.10899 0.11000
3.77000 0.09980 0.02078 -0.09980 -0.02078 0.00043 0.10957 0.11000
3.78000 0.09996 0.00979 -0.09996 -0.00979 0.00010 0.10990 0.11000
3.79000 0.10000 -0.00121 -0.10000 0.00121 0.00000 0.11000 0.11000
3.80000 0.09993 -0.01220 -0.09993 0.01220 0.00015 0.10985 0.11000
3.81000 0.09976 -0.02319 -0.09976 0.02319 0.00054 0.10946 0.11000
3.82000 0.09947 -0.03415 -0.09947 0.03415 0.00117 0.10883 0.11000
3.83000 0.09907 -0.04507 -0.09907 0.04507 0.00203 0.10797 0.11000
3.84000 0.09857 -0.05594 -0.09857 0.05594 0.00313 0.10687 0.11000
3.85000 0.09795 -0.06675 -0.09795 0.06675 0.00446 0.10554 0.11000
3.86000 0.09723 -0.07748 -0.09723 0.07748 0.00600 0.10400 0.11000
3.87000 0.09640 -0.08813 -0.09640 0.08813 0.00777 0.10223 0.11000
3.88000 0.09547 -0.09869 -0.09547 0.09869 0.00974 0.10026 0.11000
3.89000 0.09443 -0.10913 -0.09443 0.10913 0.01191 0.09809 0.11000
3.90000 0.09329 -0.11946 -0.09329 0.11946 0.01427 0.09573 0.11000
3.91000 0.09204 -0.12965 -0.09204 0.12965 0.01681 0.09319 0.11000
3.92000 0.09070 -0.13971 -0.09070 0.13971 0.01952 0.09048 0.11000
3.93000 0.08925 -0.14960 -0.08925 0.14960 0.02238 0.08762 0.11000
3.94000 0.08770 -0.15934 -0.08770 0.15934 0.02539 0.08461 0.11000
3.95000 0.08606 -0.16889 -0.08606 0.16889 0.02853 0.08147 0.11000
3.96000 0.08433 -0.17827 -0.08433 0.17827 0.03178 0.07822 0.11000
3.97000 0.08250 -0.18744 -0.08250 0.18744 0.03513 0.07487 0.11000
3.98000 0.08058 -0.19641 -0.08058 0.19641 0.03858 0.07142 0.11000
3.99000 0.07857 -0.20517 -0.07857 0.20517 0.04209 0.06791 0.11000
4.00000 0.07648 -0.21370 -0.07648 0.21370 0.04567 0.06433 0.11000
4.01000 0.07430 -0.22199 -0.07430 0.22199 0.04928 0.06072 0.11000
4.02000 0.07204 -0.23004 -0.07204 0.23004 0.05292 0.05708 0.11000
4.03000 0.06970 -0.23783 -0.06970 0.23783 0.05656 0.05344 0.11000
4.04000 0.06728 -0.24537 -0.06728 0.24537 0.06021 0.04979 0.11000
4.05000 0.06479 -0.25263 -0.06479 0.25263 0.06382 0.04618 0.11000
4.06000 0.06223 -0.25962 -0.06223 0.25962 0.06740 0.04260 0.11000
4.07000 0.05960 -0.26632 -0.05960 0.26632 0.07093 0.03907 0.11000
4.08000 0.05690 -0.27273 -0.05690 0.27273 0.07438 0.03562 0.11000
4.09000 0.05415 -0.27884 -0.05415 0.27884 0.07775 0.03225 0.11000
4.10000 0.05133 -0.28464 -0.05133 0.28464 0.08102 0.02898 0.11000
4.11000 0.04845 -0.29013 -0.04845 0.29013 0.08417 0.02583 0.11000
4.12000 0.04553 -0.29530 -0.04553 0.29530 0.08720 0.02280 0.11000
4.13000 0.04255 -0.30014 -0.04255 0.30014 0.09009 0.01991 0.11000
4.14000 0.03953 -0.30466 -0.03953 0.30466 0.09282 0.01718 0.11000
4.15000 0.03646 -0.30884 -0.03646 0.30884 0.09538 0.01462 0.11000
4.16000 0.03335 -0.31268 -0.03335 0.31268 0.09777 0.01223 0.11000
4.17000 0.03020 -0.31617 -0.03020 0.31617 0.09996 0.01004 0.11000
4.18000 0.02703 -0.31932 -0.02703 0.31932 0.10196 0.00804 0.11000
4.19000 0.02382 -0.32212 -0.02382 0.32212 0.10376 0.00624 0.11000
4.20000 0.02059 -0.32456 -0.02059 0.32456 0.10534 0.00466 0.11000
4.21000 0.01733 -0.32664 -0.01733 0.32664 0.10670 0.00330 0.11000
4.22000 0.01405 -0.32837 -0.01405 0.32837 0.10783 0.00217 0.11000
4.23000 0.01076 -0.32974 -0.01076 0.32974 0.10873 0.00127 0.11000
4.24000 0.00746 -0.33074 -0.00746 0.33074 0.10939 0.00061 0.11000
4.25000 0.00415 -0.33138 -0.00415 0.33138 0.10981 0.00019 0.11000
4.26000 0.00083 -0.33165 -0.00083 0.33165 0.10999 0.00001 0.11000
4.27000 -0.00248 -0.33156 0.00248 0.33156 0.10993 0.00007 0.11000
4.28000 -0.00580 -0.33111 0.00580 0.33111 0.10963 0.00037 0.11000
4.29000 -0.00910 -0.33029 0.00910 0.33029 0.10909 0.00091 0.11000
4.30000 -0.01240 -0.32910 0.01240 0.32910 0.10831 0.00169 0.11000
4.31000 -0.01568 -0.32756 0.01568 0.32756 0.10729 0.00271 0.11000
4.32000 -0.01895 -0.32565 0.01895 0.32565 0.10605 0.00395 0.11000
4.33000 -0.02220 -0.32339 0.02220 0.32339 0.10458 0.00542 0.11000
4.34000 -0.02542 -0.32077 0.02542 0.32077 0.10289 0.00711 0.11000
4.35000 -0.02861 -0.31780 0.02861 0.31780 0.10100 0.00900 0.11000
4.36000 -0.03177 -0.31448 0.03177 0.31448 0.09890 0.01110 0.11000
4.37000 -0.03490 -0.31081 0.03490 0.31081 0.09660 0.01340 0.11000
4.38000 -0.03799 -0.30680 0.03799 0.30680 0.09413 0.01587 0.11000
4.39000 -0.04103 -0.30246 0.04103 0.30246 0.09148 0.01852 0.11000
4.40000 -0.04403 -0.29778 0.04403 0.29778 0.08867 0.02133 0.11000
4.41000 -0.04699 -0.29277 0.04699 0.29277 0.08571 0.02429 0.11000
4.42000 -0.04989 -0.28744 0.04989 0.28744 0.08262 0.02738 0.11000
4.43000 -0.05274 -0.28180 0.05274 0.28180 0.07941 0.03059 0.11000
4.44000 -0.05552 -0.27584 0.05552 0.27584 0.07609 0.03391 0.11000
4.45000 -0.05825 -0.26958 0.05825 0.26958 0.07268 0.03732 0.11000
4.46000 -0.06091 -0.26303 0.06091 0.26303 0.06918 0.04082 0.11000
4.47000 -0.06351 -0.25618 0.06351 0.25618 0.06563 0.04437 0.11000
4.48000 -0.06604 -0.24906 0.06604 0.24906 0.06203 0.04797 0.11000
4.49000 -0.06849 -0.24166 0.06849 0.24166 0.05840 0.05160 0.11000
4.50000 -0.07087 -0.23399 0.07087 0.23399 0.05475 0.05525 0.11000
4.51000 -0.07317 -0.22607 0.07317 0.22607 0.05111 0.05889 0.11000
4.52000 -0.07539 -0.21790 0.07539 0.21790 0.04748 0.06252 0.11000
4.53000 -0.07753 -0.20949 0.07753 0.20949 0.04389 0.06611 0.11000
4.54000 -0.07958 -0.20085 0.07958 0.20085 0.04034 0.06966 0.11000
4.55000 -0.08154 -0.19198 0.08154 0.19198 0.03686 0.07314 0.11000
4.56000 -0.08342 -0.18291 0.08342 0.18291 0.03346 0.07654 0.11000
4.57000 -0.08520 -0.17364 0.08520 0.17364 0.03015 0.07985 0.11000
4.58000 -0.08689 -0.16417 0.08689 0.16417 0.02695 0.08305 0.11000
4.59000 -0.08848 -0.15452 0.08848 0.15452 0.02388 0.08612 0.11000
4.60000 -0.08998 -0.14471 0.08998 0.14471 0.02094 0.08906 0.11000
4.61000 -0.09138 -0.13473 0.09138 0.13473 0.01815 0.09185 0.11000
4.62000 -0.09267 -0.12461 0.09267 0.12461 0.01553 0.09447 0.11000
4.63000 -0.09387 -0.11435 0.09387 0.11435 0.01308 0.09692 0.11000
4.64000 -0.09496 -0.10396 0.09496 0.10396 0.01081 0.09919 0.11000
4.65000 -0.09595 -0.09346 0.09595 0.09346 0.00873 0.10127 0.11000
4.66000 -0.09683 -0.08286 0.09683 0.08286 0.00686 0.10314 0.11000
4.67000 -0.09760 -0.07216 0.09760 0.07216 0.00521 0.10479 0.11000
4.68000 -0.09827 -0.06139 0.09827 0.06139 0.00377 0.10623 0.11000
4.69000 -0.09883 -0.05054 0.09883 0.05054 0.00255 0.10745 0.11000
4.70000 -0.09928 -0.03965 0.09928 0.03965 0.00157 0.10843 0.11000
4.71000 -0.09962 -0.02871 0.09962 0.02871 0.00082 0.10918 0.11000
4.72000 -0.09986 -0.01773 0.09986 0.01773 0.00031 0.10969 0.11000
4.73000 -0.09998 -0.00674 0.09998 0.00674 0.00005 0.10995 0.11000
4.74000 -0.09999 0.00426 0.09999 -0.00426 0.00002 0.10998 0.11000
4.75000 -0.09989 0.01525 0.09989 -0.01525 0.00023 0.10977 0.11000
4.76000 -0.09969 0.02623 0.09969 -0.02623 0.00069 0.10931 0.11000
4.77000 -0.09937 0.03718 0.09937 -0.03718 0.00138 0.10862 0.11000
4.78000 -0.09894 0.04809 0.09894 -0.04809 0.00231 0.10769 0.11000
4.79000 -0.09841 0.05894 0.09841 -0.05894 0.00347 0.10653 0.11000
4.80000 -0.09776 0.06973 0.09776 -0.06973 0.00486 0.10514 0.11000
4.81000 -0.09701 0.08045 0.09701 -0.08045 0.00647 0.10353 0.11000
4.82000 -0.09616 0.09107 0.09616 -0.09107 0.00829 0.10171 0.11000
4.83000 -0.09519 0.10160 0.09519 -0.10160 0.01032 0.09968 0.11000
4.84000 -0.09412 0.11201 0.09412 -0.11201 0.01255 0.09745 0.11000
4.85000 -0.09295 0.12230 0.09295 -0.12230 0.01496 0.09504 0.11000
4.86000 -0.09168 0.13246 0.09168 -0.13246 0.01754 0.09246 0.11000
4.87000 -0.09030 0.14247 0.09030 -0.14247 0.02030 0.08970 0.11000
4.88000 -0.08883 0.15232 0.08883 -0.15232 0.02320 0.08680 0.11000
4.89000 -0.08726 0.16201 0.08726 -0.16201 0.02625 0.08375 0.11000
4.90000 -0.08559 0.17151 0.08559 -0.17151 0.02942 0.08058 0.11000
4.91000 -0.08383 0.18083 0.08383 -0.18083 0.03270 0.07730 0.11000
4.92000 -0.08197 0.18995 0.08197 -0.18995 0.03608 0.07392 0.11000
4.93000 -0.08003 0.19886 0.08003 -0.19886 0.03955 0.07045 0.11000
4.94000 -0.07800 0.20756 0.07800 -0.20756 0.04308 0.06692 0.11000
4.95000 -0.07588 0.21602 0.07588 -0.21602 0.04666 0.06334 0.11000
4.96000 -0.07368 0.22425 0.07368 -0.22425 0.05029 0.05971 0.11000
4.97000 -0.07140 0.23223 0.07140 -0.23223 0.05393 0.05607 0.11000
4.98000 -0.06903 0.23995 0.06903 -0.23995 0.05758 0.05242 0.11000
4.99000 -0.06660 0.24741 0.06660 -0.24741 0.06121 0.04879 0.11000
5.00000 -0.06409 0.25460 0.06409 -0.25460 0.06482 0.04518 0.11000
5.01000 -0.06151 0.26151 0.06151 -0.26151 0.06839 0.04161 0.11000
5.02000 -0.05886 0.26813 0.05886 -0.26813 0.07189 0.03811 0.11000
5.03000 -0.05615 0.27445 0.05615 -0.27445 0.07533 0.03467 0.11000
5.04000 -0.05337 0.28048 0.05337 -0.28048 0.07867 0.03133 0.11000
5.05000 -0.05054 0.28619 0.05054 -0.28619 0.08191 0.02809 0.11000
5.06000 -0.04765 0.29159 0.04765 -0.29159 0.08503 0.02497 0.11000
5.07000 -0.04471 0.29667 0.04471 -0.29667 0.08802 0.02198 0.11000
5.08000 -0.04171 0.30143 0.04171 -0.30143 0.09086 0.01914 0.11000
5.09000 -0.03868 0.30585 0.03868 -0.30585 0.09354 0.01646 0.11000
5.10000 -0.03560 0.30994 0.03560 -0.30994 0.09606 0.01394 0.11000
5.11000 -0.03248 0.31368 0.03248 -0.31368 0.09840 0.01160 0.11000
5.12000 -0.02933 0.31708 0.02933 -0.31708 0.10054 0.00946 0.11000
5.13000 -0.02614 0.32013 0.02614 -0.32013 0.10248 0.00752 0.11000
5.14000 -0.02293 0.32283 0.02293 -0.32283 0.10422 0.00578 0.11000
5.15000 -0.01968 0.32517 0.01968 -0.32517 0.10574 0.00426 0.11000
5.16000 -0.01642 0.32716 0.01642 -0.32716 0.10703 0.00297 0.11000
5.17000 -0.01314 0.32879 0.01314 -0.32879 0.10810 0.00190 0.11000
5.18000 -0.00985 0.33005 0.00985 -0.33005 0.10893 0.00107 0.11000
5.19000 -0.00654 0.33095 0.00654 -0.33095 0.10953 0.00047 0.11000
5.20000 -0.00323 0.33149 0.00323 -0.33149 0.10989 0.00011 0.11000
5.21000 0.00009 0.33166 -0.00009 -0.33166 0.11000 0.00000 0.11000
5.22000 0.00340 0.33147 -0.00340 -0.33147 0.10987 0.00013 0.11000
5.23000 0.00671 0.33091 -0.00671 -0.33091 0.10950 0.00050 0.11000
5.24000 0.01002 0.32999 -0.01002 -0.32999 0.10890 0.00110 0.11000
5.25000 0.01331 0.32871 -0.01331 -0.32871 0.10805 0.00195 0.11000
5.26000 0.01659 0.32707 -0.01659 -0.32707 0.10697 0.00303 0.11000
5.27000 0.01985 0.32506 -0.01985 -0.32506 0.10566 0.00434 0.11000
5.28000 0.02309 0.32270 -0.02309 -0.32270 0.10413 0.00587 0.11000
5.29000 0.02631 0.31998 -0.02631 -0.31998 0.10239 0.00761 0.11000
5.30000 0.02949 0.31691 -0.02949 -0.31691 0.10043 0.00957 0.11000
5.31000 0.03264 0.31350 -0.03264 -0.31350 0.09828 0.01172 0.11000
5.32000 0.03576 0.30973 -0.03576 -0.30973 0.09593 0.01407 0.11000
5.33000 0.03884 0.30563 -0.03884 -0.30563 0.09341 0.01659 0.11000
5.34000 0.04187 0.30119 -0.04187 -0.30119 0.09072 0.01928 0.11000
5.35000 0.04486 0.29642 -0.04486 -0.29642 0.08786 0.02214 0.11000
5.36000 0.04780 0.29132 -0.04780 -0.29132 0.08487 0.02513 0.11000
5.37000 0.05068 0.28591 -0.05068 -0.28591 0.08174 0.02826 0.11000
5.38000 0.05351 0.28017 -0.05351 -0.28017 0.07850 0.03150 0.11000
5.39000 0.05629 0.27414 -0.05629 -0.27414 0.07515 0.03485 0.11000
5.40000 0.05900 0.26779 -0.05900 -0.26779 0.07171 0.03829 0.11000
5.41000 0.06164 0.26116 -0.06164 -0.26116 0.06820 0.04180 0.11000
5.42000 0.06422 0.25424 -0.06422 -0.25424 0.06464 0.04536 0.11000
5.43000 0.06673 0.24703 -0.06673 -0.24703 0.06103 0.04897 0.11000
5.44000 0.06916 0.23956 -0.06916 -0.23956 0.05739 0.05261 0.11000
5.45000 0.07152 0.23182 -0.07152 -0.23182 0.05374 0.05626 0.11000
5.46000 0.07379 0.22383 -0.07379 -0.22383 0.05010 0.05990 0.11000
5.47000 0.07599 0.21559 -0.07599 -0.21559 0.04648 0.06352 0.11000
5.48000 0.07810 0.20711 -0.07810 -0.20711 0.04290 0.06710 0.11000
5.49000 0.08013 0.19841 -0.08013 -0.19841 0.03937 0.07063 0.11000
5.50000 0.08207 0.18949 -0.08207 -0.18949 0.03591 0.07409 0.11000
5.51000 0.08392 0.18036 -0.08392 -0.18036 0.03253 0.07747 0.11000
5.52000 0.08568 0.17103 -0.08568 -0.17103 0.02925 0.08075 0.11000
5.53000 0.08734 0.16151 -0.08734 -0.16151 0.02609 0.08391 0.11000
5.54000 0.08891 0.15182 -0.08891 -0.15182 0.02305 0.08695 0.11000
5.55000 0.09038 0.14195 -0.09038 -0.14195 0.02015 0.08985 0.11000
5.56000 0.09175 0.13194 -0.09175 -0.13194 0.01741 0.09259 0.11000
5.57000 0.09302 0.12177 -0.09302 -0.12177 0.01483 0.09517 0.11000
5.58000 0.09418 0.11148 -0.09418 -0.11148 0.01243 0.09757 0.11000
5.59000 0.09524 0.10106 -0.09524 -0.10106 0.01021 0.09979 0.11000
5.60000 0.09620 0.09053 -0.09620 -0.09053 0.00820 0.10180 0.11000
5.61000 0.09706 0.07990 -0.09706 -0.07990 0.00638 0.10362 0.11000
5.62000 0.09780 0.06918 -0.09780 -0.06918 0.00479 0.10521 0.11000
5.63000 0.09844 0.05838 -0.09844 -0.05838 0.00341 0.10659 0.11000
5.64000 0.09897 0.04753 -0.09897 -0.04753 0.00226 0.10774 0.11000
5.65000 0.09939 0.03662 -0.09939 -0.03662 0.00134 0.10866 0.11000
5.66000 0.09970 0.02566 -0.09970 -0.02566 0.00066 0.10934 0.11000
5.67000 0.09990 0.01469 -0.09990 -0.01469 0.00022 0.10978 0.11000
5.68000 0.09999 0.00369 -0.09999 -0.00369 0.00001 0.10999 0.11000
5.69000 0.09998 -0.00731 -0.09998 0.00731 0.00005 0.10995 0.11000
5.70000 0.09985 -0.01830 -0.09985 0.01830 0.00033 0.10967 0.11000
5.71000 0.09961 -0.02927 -0.09961 0.02927 0.00086 0.10914 0.11000
5.72000 0.09926 -0.04021 -0.09926 0.04021 0.00162 0.10838 0.11000
5.73000 0.09881 -0.05111 -0.09881 0.05111 0.00261 0.10739 0.11000
5.74000 0.09824 -0.06194 -0.09824 0.06194 0.00384 0.10616 0.11000
5.75000 0.09757 -0.07271 -0.09757 0.07271 0.00529 0.10471 0.11000
5.76000 0.09679 -0.08340 -0.09679 0.08340 0.00696 0.10304 0.11000
5.77000 0.09590 -0.09400 -0.09590 0.09400 0.00884 0.10116 0.11000
5.78000 0.09491 -0.10450 -0.09491 0.10450 0.01092 0.09908 0.11000
5.79000 0.09381 -0.11488 -0.09381 0.11488 0.01320 0.09680 0.11000
5.80000 0.09261 -0.12513 -0.09261 0.12513 0.01566 0.09434 0.11000
5.81000 0.09131 -0.13525 -0.09131 0.13525 0.01829 0.09171 0.11000
5.82000 0.08991 -0.14522 -0.08991 0.14522 0.02109 0.08891 0.11000
5.83000 0.08840 -0.15502 -0.08840 0.15502 0.02403 0.08597 0.11000
5.84000 0.08681 -0.16466 -0.08681 0.16466 0.02711 0.08289 0.11000
5.85000 0.08511 -0.17412 -0.08511 0.17412 0.03032 0.07968 0.11000
5.86000 0.08332 -0.18338 -0.08332 0.18338 0.03363 0.07637 0.11000
5.87000 0.08144 -0.19245 -0.08144 0.19245 0.03704 0.07296 0.11000
5.88000 0.07948 -0.20130 -0.07948 0.20130 0.04052 0.06948 0.11000
5.89000 0.07742 -0.20993 -0.07742 0.20993 0.04407 0.06593 0.11000
5.90000 0.07528 -0.21833 -0.07528 0.21833 0.04767 0.06233 0.11000
5.91000 0.07305 -0.22649 -0.07305 0.22649 0.05130 0.05870 0.11000
5.92000 0.07075 -0.23440 -0.07075 0.23440 0.05494 0.05506 0.11000
5.93000 0.06837 -0.24205 -0.06837 0.24205 0.05859 0.05141 0.11000
5.94000 0.06591 -0.24943 -0.06591 0.24943 0.06222 0.04778 0.11000
5.95000 0.06338 -0.25654 -0.06338 0.25654 0.06582 0.04418 0.11000
5.96000 0.06078 -0.26337 -0.06078 0.26337 0.06937 0.04063 0.11000
5.97000 0.05811 -0.26991 -0.05811 0.26991 0.07285 0.03715 0.11000
5.98000 0.05538 -0.27616 -0.05538 0.27616 0.07626 0.03374 0.11000
5.99000 0.05259 -0.28209 -0.05259 0.28209 0.07958 0.03042 0.11000
6.00000 0.04974 -0.28772 -0.04974 0.28772 0.08278 0.02722 0.11000
6.01000 0.04684 -0.29304 -0.04684 0.29304 0.08587 0.02413 0.11000
6.02000 0.04388 -0.29803 -0.04388 0.29803 0.08882 0.02118 0.11000
6.03000 0.04088 -0.30269 -0.04088 0.30269 0.09162 0.01838 0.11000
6.04000 0.03783 -0.30702 -0.03783 0.30702 0.09426 0.01574 0.11000
6.05000 0.03474 -0.31101 -0.03474 0.31101 0.09673 0.01327 0.11000
6.06000 0.03161 -0.31466 -0.03161 0.31466 0.09901 0.01099 0.11000
6.07000 0.02845 -0.31796 -0.02845 0.31796 0.10110 0.00890 0.11000
6.08000 0.02525 -0.32091 -0.02525 0.32091 0.10299 0.00701 0.11000
6.09000 0.02203 -0.32352 -0.02203 0.32352 0.10466 0.00534 0.11000
6.10000 0.01878 -0.32576 -0.01878 0.32576 0.10612 0.00388 0.11000
6.11000 0.01551 -0.32765 -0.01551 0.32765 0.10735 0.00265 0.11000
6.12000 0.01223 -0.32917 -0.01223 0.32917 0.10835 0.00165 0.11000
6.13000 0.00893 -0.33034 -0.00893 0.33034 0.10912 0.00088 0.11000
6.14000 0.00562 -0.33114 -0.00562 0.33114 0.10965 0.00035 0.11000
6.15000 0.00231 -0.33157 -0.00231 0.33157 0.10994 0.00006 0.11000
6.16000 -0.00101 -0.33165 0.00101 0.33165 0.10999 0.00001 0.11000
6.17000 -0.00432 -0.33135 0.00432 0.33135 0.10979 0.00021 0.11000
6.18000 -0.00763 -0.33070 0.00763 0.33070 0.10936 0.00064 0.11000
6.19000 -0.01093 -0.32967 0.01093 0.32967 0.10869 0.00131 0.11000
6.20000 -0.01422 -0.32829 0.01422 0.32829 0.10777 0.00223 0.11000
6.21000 -0.01750 -0.32655 0.01750 0.32655 0.10663 0.00337 0.11000
6.22000 -0.02075 -0.32444 0.02075 0.32444 0.10526 0.00474 0.11000
6.23000 -0.02399 -0.32198 0.02399 0.32198 0.10367 0.00633 0.11000
6.24000 -0.02719 -0.31917 0.02719 0.31917 0.10187 0.00813 0.11000
6.25000 -0.03037 -0.31600 0.03037 0.31600 0.09986 0.01014 0.11000
6.26000 -0.03351 -0.31249 0.03351 0.31249 0.09765 0.01235 0.11000
6.27000 -0.03662 -0.30863 0.03662 0.30863 0.09525 0.01475 0.11000
6.28000 -0.03968 -0.30443 0.03968 0.30443 0.09268 0.01732 0.11000
6.29000 -0.04270 -0.29990 0.04270 0.29990 0.08994 0.02006 0.11000
6.30000 -0.04568 -0.29504 0.04568 0.29504 0.08705 0.02295 0.11000
6.31000 -0.04860 -0.28985 0.04860 0.28985 0.08401 0.02599 0.11000
6.32000 -0.05148 -0.28435 0.05148 0.28435 0.08085 0.02915 0.11000
6.33000 -0.05429 -0.27853 0.05429 0.27853 0.07758 0.03242 0.11000
6.34000 -0.05704 -0.27241 0.05704 0.27241 0.07421 0.03579 0.11000
6.35000 -0.05974 -0.26598 0.05974 0.26598 0.07075 0.03925 0.11000
6.36000 -0.06236 -0.25927 0.06236 0.25927 0.06722 0.04278 0.11000
6.37000 -0.06492 -0.25227 0.06492 0.25227 0.06364 0.04636 0.11000
6.38000 -0.06741 -0.24499 0.06741 0.24499 0.06002 0.04998 0.11000
6.39000 -0.06982 -0.23744 0.06982 0.23744 0.05638 0.05362 0.11000
6.40000 -0.07216 -0.22963 0.07216 0.22963 0.05273 0.05727 0.11000
6.41000 -0.07441 -0.22157 0.07441 0.22157 0.04909 0.06091 0.11000
6.42000 -0.07659 -0.21326 0.07659 0.21326 0.04548 0.06452 0.11000
6.43000 -0.07868 -0.20472 0.07868 0.20472 0.04191 0.06809 0.11000
6.44000 -0.08068 -0.19596 0.08068 0.19596 0.03840 0.07160 0.11000
6.45000 -0.08259 -0.18697 0.08259 0.18697 0.03496 0.07504 0.11000
6.46000 -0.08442 -0.17779 0.08442 0.17779 0.03161 0.07839 0.11000
6.47000 -0.08615 -0.16841 0.08615 0.16841 0.02836 0.08164 0.11000
6.48000 -0.08779 -0.15884 0.08779 0.15884 0.02523 0.08477 0.11000
6.49000 -0.08933 -0.14910 0.08933 0.14910 0.02223 0.08777 0.11000
6.50000 -0.09077 -0.13919 0.09077 0.13919 0.01937 0.09063 0.11000
6.51000 -0.09211 -0.12913 0.09211 0.12913 0.01667 0.09333 0.11000
6.52000 -0.09335 -0.11893 0.09335 0.11893 0.01414 0.09586 0.11000
6.53000 -0.09449 -0.10860 0.09449 0.10860 0.01179 0.09821 0.11000
6.54000 -0.09552 -0.09815 0.09552 0.09815 0.00963 0.10037 0.11000
6.55000 -0.09645 -0.08759 0.09645 0.08759 0.00767 0.10233 0.11000
6.56000 -0.09727 -0.07693 0.09727 0.07693 0.00592 0.10408 0.11000
6.57000 -0.09799 -0.06619 0.09799 0.06619 0.00438 0.10562 0.11000
6.58000 -0.09860 -0.05538 0.09860 0.05538 0.00307 0.10693 0.11000
6.59000 -0.09910 -0.04450 0.09910 0.04450 0.00198 0.10802 0.11000
6.60000 -0.09949 -0.03358 0.09949 0.03358 0.00113 0.10887 0.11000
6.61000 -0.09977 -0.02262 0.09977 0.02262 0.00051 0.10949 0.11000
6.62000 -0.09994 -0.01164 0.09994 0.01164 0.00014 0.10986 0.11000
6.63000 -0.10000 -0.00064 0.10000 0.00064 0.00000 0.11000 0.11000
6.64000 -0.09995 0.01036 0.09995 -0.01036 0.00011 0.10989 0.11000
6.65000 -0.09979 0.02135 0.09979 -0.02135 0.00046 0.10954 0.11000
6.66000 -0.09952 0.03231 0.09952 -0.03231 0.00104 0.10896 0.11000
6.67000 -0.09915 0.04324 0.09915 -0.04324 0.00187 0.10813 0.11000
6.68000 -0.09866 0.05412 0.09866 -0.05412 0.00293 0.10707 0.11000
6.69000 -0.09806 0.06494 0.09806 -0.06494 0.00422 0.10578 0.11000
6.70000 -0.09736 0.07569 0.09736 -0.07569 0.00573 0.10427 0.11000
6.71000 -0.09655 0.08635 0.09655 -0.08635 0.00746 0.10254 0.11000
6.72000 -0.09563 0.09693 0.09563 -0.09693 0.00939 0.10061 0.11000
6.73000 -0.09461 0.10739 0.09461 -0.10739 0.01153 0.09847 0.11000
6.74000 -0.09349 0.11774 0.09349 -0.11774 0.01386 0.09614 0.11000
6.75000 -0.09226 0.12795 0.09226 -0.12795 0.01637 0.09363 0.11000
6.76000 -0.09093 0.13803 0.09093 -0.13803 0.01905 0.09095 0.11000
6.77000 -0.08950 0.14795 0.08950 -0.14795 0.02189 0.08811 0.11000
6.78000 -0.08797 0.15772 0.08797 -0.15772 0.02487 0.08513 0.11000
6.79000 -0.08634 0.16730 0.08634 -0.16730 0.02799 0.08201 0.11000
6.80000 -0.08462 0.17671 0.08462 -0.17671 0.03123 0.07877 0.11000
6.81000 -0.08281 0.18592 0.08281 -0.18592 0.03457 0.07543 0.11000
6.82000 -0.08091 0.19492 0.08091 -0.19492 0.03800 0.07200 0.11000
6.83000 -0.07891 0.20371 0.07891 -0.20371 0.04150 0.06850 0.11000
6.84000 -0.07683 0.21228 0.07683 -0.21228 0.04506 0.06494 0.11000
6.85000 -0.07467 0.22061 0.07467 -0.22061 0.04867 0.06133 0.11000
6.86000 -0.07242 0.22871 0.07242 -0.22871 0.05231 0.05769 0.11000
6.87000 -0.07010 0.23654 0.07010 -0.23654 0.05595 0.05405 0.11000
6.88000 -0.06769 0.24412 0.06769 -0.24412 0.05960 0.05040 0.11000
6.89000 -0.06521 0.25143 0.06521 -0.25143 0.06322 0.04678 0.11000
6.90000 -0.06266 0.25847 0.06266 -0.25847 0.06681 0.04319 0.11000
6.91000 -0.06005 0.26522 0.06005 -0.26522 0.07034 0.03966 0.11000
6.92000 -0.05736 0.27168 0.05736 -0.27168 0.07381 0.03619 0.11000
6.93000 -0.05461 0.27783 0.05461 -0.27783 0.07719 0.03281 0.11000
6.94000 -0.05180 0.28369 0.05180 -0.28369 0.08048 0.02952 0.11000
6.95000 -0.04894 0.28923 0.04894 -0.28923 0.08365 0.02635 0.11000
6.96000 -0.04602 0.29445 0.04602 -0.29445 0.08670 0.02330 0.11000
6.97000 -0.04305 0.29935 0.04305 -0.29935 0.08961 0.02039 0.11000
6.98000 -0.04004 0.30392 0.04004 -0.30392 0.09237 0.01763 0.11000
6.99000 -0.03697 0.30816 0.03697 -0.30816 0.09496 0.01504 0.11000
7.00000 -0.03387 0.31206 0.03387 -0.31206 0.09738 0.01262 0.11000
7.01000 -0.03073 0.31561 0.03073 -0.31561 0.09961 0.01039 0.11000
7.02000 -0.02756 0.31882 0.02756 -0.31882 0.10164 0.00836 0.11000
7.03000 -0.02436 0.32167 0.02436 -0.32167 0.10347 0.00653 0.11000
7.04000 -0.02113 0.32417 0.02113 -0.32417 0.10509 0.00491 0.11000
7.05000 -0.01788 0.32632 0.01788 -0.32632 0.10648 0.00352 0.11000
7.06000 -0.01460 0.32811 0.01460 -0.32811 0.10765 0.00235 0.11000
7.07000 -0.01132 0.32953 0.01132 -0.32953 0.10859 0.00141 0.11000
7.08000 -0.00802 0.33060 0.00802 -0.33060 0.10929 0.00071 0.11000
7.09000 -0.00471 0.33130 0.00471 -0.33130 0.10976 0.00024 0.11000
7.10000 -0.00139 0.33163 0.00139 -0.33163 0.10998 0.00002 0.11000
7.11000 0.00193 0.33160 -0.00193 -0.33160 0.10996 0.00004 0.11000
7.12000 0.00524 0.33121 -0.00524 -0.33121 0.10970 0.00030 0.11000
7.13000 0.00855 0.33045 -0.00855 -0.33045 0.10920 0.00080 0.11000
7.14000 0.01185 0.32933 -0.01185 -0.32933 0.10846 0.00154 0.11000
7.15000 0.01513 0.32784 -0.01513 -0.32784 0.10748 0.00252 0.11000
7.16000 0.01840 0.32600 -0.01840 -0.32600 0.10627 0.00373 0.11000
7.17000 0.02165 0.32379 -0.02165 -0.32379 0.10484 0.00516 0.11000
7.18000 0.02488 0.32123 -0.02488 -0.32123 0.10319 0.00681 0.11000
7.19000 0.02808 0.31832 -0.02808 -0.31832 0.10133 0.00867 0.11000
7.20000 0.03124 0.31506 -0.03124 -0.31506 0.09926 0.01074 0.11000
7.21000 0.03438 0.31145 -0.03438 -0.31145 0.09700 0.01300 0.11000
7.22000 0.03747 0.30750 -0.03747 -0.30750 0.09456 0.01544 0.11000
7.23000 0.04052 0.30321 -0.04052 -0.30321 0.09193 0.01807 0.11000
7.24000 0.04353 0.29858 -0.04353 -0.29858 0.08915 0.02085 0.11000
7.25000 0.04650 0.29363 -0.04650 -0.29363 0.08622 0.02378 0.11000
7.26000 0.04941 0.28836 -0.04941 -0.28836 0.08315 0.02685 0.11000
7.27000 0.05226 0.28276 -0.05226 -0.28276 0.07996 0.03004 0.11000
7.28000 0.05506 0.27686 -0.05506 -0.27686 0.07665 0.03335 0.11000
7.29000 0.05780 0.27065 -0.05780 -0.27065 0.07325 0.03675 0.11000
7.30000 0.06047 0.26415 -0.06047 -0.26415 0.06977 0.04023 0.11000
7.31000 0.06308 0.25735 -0.06308 -0.25735 0.06623 0.04377 0.11000
7.32000 0.06562 0.25027 -0.06562 -0.25027 0.06264 0.04736 0.11000
7.33000 0.06808 0.24292 -0.06808 -0.24292 0.05901 0.05099 0.11000
7.34000 0.07048 0.23530 -0.07048 -0.23530 0.05536 0.05464 0.11000
7.35000 0.07279 0.22742 -0.07279 -0.22742 0.05172 0.05828 0.11000
7.36000 0.07502 0.21929 -0.07502 -0.21929 0.04809 0.06191 0.11000
7.37000 0.07717 0.21092 -0.07717 -0.21092 0.04449 0.06551 0.11000
7.38000 0.07924 0.20231 -0.07924 -0.20231 0.04093 0.06907 0.11000
7.39000 0.08122 0.19349 -0.08122 -0.19349 0.03744 0.07256 0.11000
7.40000 0.08311 0.18445 -0.08311 -0.18445 0.03402 0.07598 0.11000
7.41000 0.08491 0.17520 -0.08491 -0.17520 0.03070 0.07930 0.11000
7.42000 0.08661 0.16577 -0.08661 -0.16577 0.02748 0.08252 0.11000
7.43000 0.08822 0.15615 -0.08822 -0.15615 0.02438 0.08562 0.11000
7.44000 0.08974 0.14636 -0.08974 -0.14636 0.02142 0.08858 0.11000
7.45000 0.09115 0.13641 -0.09115 -0.13641 0.01861 0.09139 0.11000
7.46000 0.09246 0.12632 -0.09246 -0.12632 0.01596 0.09404 0.11000
7.47000 0.09368 0.11608 -0.09368 -0.11608 0.01347 0.09653 0.11000
7.48000 0.09478 0.10571 -0.09478 -0.10571 0.01117 0.09883 0.11000
7.49000 0.09579 0.09523 -0.09579 -0.09523 0.00907 0.10093 0.11000
7.50000 0.09669 0.08464 -0.09669 -0.08464 0.00716 0.10284 0.11000
7.51000 0.09748 0.07396 -0.09748 -0.07396 0.00547 0.10453 0.11000
7.52000 0.09817 0.06320 -0.09817 -0.06320 0.00399 0.10601 0.11000
7.53000 0.09875 0.05237 -0.09875 -0.05237 0.00274 0.10726 0.11000
7.54000 0.09921 0.04148 -0.09921 -0.04148 0.00172 0.10828 0.11000
7.55000 0.09958 0.03054 -0.09958 -0.03054 0.00093 0.10907 0.11000
7.56000 0.09983 0.01958 -0.09983 -0.01958 0.00038 0.10962 0.11000
7.57000 0.09997 0.00859 -0.09997 -0.00859 0.00007 0.10993 0.11000
7.58000 0.10000 -0.00241 -0.10000 0.00241 0.00001 0.10999 0.11000
7.59000 0.09992 -0.01341 -0.09992 0.01341 0.00018 0.10982 0.11000
7.60000 0.09973 -0.02439 -0.09973 0.02439 0.00059 0.10941 0.11000
7.61000 0.09943 -0.03535 -0.09943 0.03535 0.00125 0.10875 0.11000
7.62000 0.09902 -0.04626 -0.09902 0.04626 0.00214 0.10786 0.11000
7.63000 0.09851 -0.05713 -0.09851 0.05713 0.00326 0.10674 0.11000
7.64000 0.09788 -0.06793 -0.09788 0.06793 0.00461 0.10539 0.11000
7.65000 0.09715 -0.07866 -0.09715 0.07866 0.00619 0.10381 0.11000
7.66000 0.09631 -0.08930 -0.09631 0.08930 0.00797 0.10203 0.11000
7.67000 0.09536 -0.09984 -0.09536 0.09984 0.00997 0.10003 0.11000
7.68000 0.09431 -0.11027 -0.09431 0.11027 0.01216 0.09784 0.11000
7.69000 0.09316 -0.12058 -0.09316 0.12058 0.01454 0.09546 0.11000
7.70000 0.09190 -0.13076 -0.09190 0.13076 0.01710 0.09290 0.11000
7.71000 0.09054 -0.14080 -0.09054 0.14080 0.01982 0.09018 0.11000
7.72000 0.08908 -0.15068 -0.08908 0.15068 0.02270 0.08730 0.11000
7.73000 0.08753 -0.16039 -0.08753 0.16039 0.02573 0.08427 0.11000
7.74000 0.08588 -0.16993 -0.08588 0.16993 0.02888 0.08112 0.11000
7.75000 0.08413 -0.17928 -0.08413 0.17928 0.03214 0.07786 0.11000
7.76000 0.08229 -0.18844 -0.08229 0.18844 0.03551 0.07449 0.11000
7.77000 0.08036 -0.19738 -0.08036 0.19738 0.03896 0.07104 0.11000
7.78000 0.07834 -0.20611 -0.07834 0.20611 0.04248 0.06752 0.11000
7.79000 0.07624 -0.21462 -0.07624 0.21462 0.04606 0.06394 0.11000
7.80000 0.07405 -0.22288 -0.07405 0.22288 0.04968 0.06032 0.11000
7.81000 0.07178 -0.23091 -0.07178 0.23091 0.05332 0.05668 0.11000
7.82000 0.06944 -0.23867 -0.06944 0.23867 0.05696 0.05304 0.11000
7.83000 0.06701 -0.24618 -0.06701 0.24618 0.06060 0.04940 0.11000
7.84000 0.06451 -0.25341 -0.06451 0.25341 0.06422 0.04578 0.11000
7.85000 0.06194 -0.26037 -0.06194 0.26037 0.06779 0.04221 0.11000
7.86000 0.05931 -0.26704 -0.05931 0.26704 0.07131 0.03869 0.11000
7.87000 0.05660 -0.27341 -0.05660 0.27341 0.07476 0.03524 0.11000
7.88000 0.05384 -0.27949 -0.05384 0.27949 0.07811 0.03189 0.11000
7.89000 0.05102 -0.28526 -0.05102 0.28526 0.08137 0.02863 0.11000
7.90000 0.04814 -0.29071 -0.04814 0.29071 0.08451 0.02549 0.11000
7.91000 0.04520 -0.29584 -0.04520 0.29584 0.08752 0.02248 0.11000
7.92000 0.04222 -0.30065 -0.04222 0.30065 0.09039 0.01961 0.11000
7.93000 0.03919 -0.30513 -0.03919 0.30513 0.09310 0.01689 0.11000
7.94000 0.03612 -0.30927 -0.03612 0.30927 0.09565 0.01435 0.11000
7.95000 0.03301 -0.31308 -0.03301 0.31308 0.09802 0.01198 0.11000
7.96000 0.02986 -0.31653 -0.02986 0.31653 0.10019 0.00981 0.11000
7.97000 0.02668 -0.31964 -0.02668 0.31964 0.10217 0.00783 0.11000
7.98000 0.02347 -0.32240 -0.02347 0.32240 0.10394 0.00606 0.11000
7.99000 0.02023 -0.32480 -0.02023 0.32480 0.10550 0.00450 0.11000
8.00000 0.01697 -0.32685 -0.01697 0.32685 0.10683 0.00317 0.11000
8.01000 0.01369 -0.32854 -0.01369 0.32854 0.10794 0.00206 0.11000
8.02000 0.01040 -0.32986 -0.01040 0.32986 0.10881 0.00119 0.11000
8.03000 0.00710 -0.33083 -0.00710 0.33083 0.10945 0.00055 0.11000
8.04000 0.00379 -0.33142 -0.00379 0.33142 0.10984 0.00016 0.11000
8.05000 0.00047 -0.33166 -0.00047 0.33166 0.11000 0.00000 0.11000
8.06000 -0.00285 -0.33153 0.00285 0.33153 0.10991 0.00009 0.11000
8.07000 -0.00616 -0.33103 0.00616 0.33103 0.10958 0.00042 0.11000
8.08000 -0.00946 -0.33017 0.00946 0.33017 0.10901 0.00099 0.11000
8.09000 -0.01276 -0.32895 0.01276 0.32895 0.10821 0.00179 0.11000
8.10000 -0.01604 -0.32737 0.01604 0.32737 0.10717 0.00283 0.11000
8.11000 -0.01931 -0.32542 0.01931 0.32542 0.10590 0.00410 0.11000
8.12000 -0.02255 -0.32312 0.02255 0.32312 0.10441 0.00559 0.11000
8.13000 -0.02577 -0.32046 0.02577 0.32046 0.10270 0.00730 0.11000
8.14000 -0.02896 -0.31745 0.02896 0.31745 0.10078 0.00922 0.11000
8.15000 -0.03212 -0.31409 0.03212 0.31409 0.09865 0.01135 0.11000
8.16000 -0.03524 -0.31039 0.03524 0.31039 0.09634 0.01366 0.11000
8.17000 -0.03832 -0.30634 0.03832 0.30634 0.09385 0.01615 0.11000
8.18000 -0.04136 -0.30196 0.04136 0.30196 0.09118 0.01882 0.11000
8.19000 -0.04436 -0.29724 0.04436 0.29724 0.08835 0.02165 0.11000
8.20000 -0.04731 -0.29220 0.04731 0.29220 0.08538 0.02462 0.11000
8.21000 -0.05020 -0.28684 0.05020 0.28684 0.08228 0.02772 0.11000
8.22000 -0.05304 -0.28116 0.05304 0.28116 0.07905 0.03095 0.11000
8.23000 -0.05583 -0.27517 0.05583 0.27517 0.07572 0.03428 0.11000
8.24000 -0.05855 -0.26888 0.05855 0.26888 0.07230 0.03770 0.11000
8.25000 -0.06120 -0.26229 0.06120 0.26229 0.06880 0.04120 0.11000
8.26000 -0.06379 -0.25542 0.06379 0.25542 0.06524 0.04476 0.11000
8.27000 -0.06631 -0.24826 0.06631 0.24826 0.06163 0.04837 0.11000
8.28000 -0.06876 -0.24083 0.06876 0.24083 0.05800 0.05200 0.11000
8.29000 -0.07113 -0.23314 0.07113 0.23314 0.05435 0.05565 0.11000
8.30000 -0.07342 -0.22519 0.07342 0.22519 0.05071 0.05929 0.11000
8.31000 -0.07563 -0.21699 0.07563 0.21699 0.04708 0.06292 0.11000
8.32000 -0.07776 -0.20855 0.07776 0.20855 0.04349 0.06651 0.11000
8.33000 -0.07980 -0.19988 0.07980 0.19988 0.03995 0.07005 0.11000
8.34000 -0.08175 -0.19100 0.08175 0.19100 0.03648 0.07352 0.11000
8.35000 -0.08362 -0.18190 0.08362 0.18190 0.03309 0.07691 0.11000
8.36000 -0.08539 -0.17261 0.08539 0.17261 0.02979 0.08021 0.11000
8.37000 -0.08707 -0.16312 0.08707 0.16312 0.02661 0.08339 0.11000
8.38000 -0.08865 -0.15345 0.08865 0.15345 0.02355 0.08645 0.11000
8.39000 -0.09014 -0.14362 0.09014 0.14362 0.02063 0.08937 0.11000
8.40000 -0.09152 -0.13363 0.09152 0.13363 0.01786 0.09214 0.11000
8.41000 -0.09281 -0.12349 0.09281 0.12349 0.01525 0.09475 0.11000
8.42000 -0.09399 -0.11321 0.09399 0.11321 0.01282 0.09718 0.11000
8.43000 -0.09507 -0.10281 0.09507 0.10281 0.01057 0.09943 0.11000
8.44000 -0.09605 -0.09230 0.09605 0.09230 0.00852 0.10148 0.11000
8.45000 -0.09692 -0.08169 0.09692 0.08169 0.00667 0.10333 0.11000
8.46000 -0.09768 -0.07098 0.09768 0.07098 0.00504 0.10496 0.11000
8.47000 -0.09834 -0.06020 0.09834 0.06020 0.00362 0.10638 0.11000
8.48000 -0.09889 -0.04935 0.09889 0.04935 0.00244 0.10756 0.11000
8.49000 -0.09933 -0.03845 0.09933 0.03845 0.00148 0.10852 0.11000
8.50000 -0.09966 -0.02750 0.09966 0.02750 0.00076 0.10924 0.11000
8.51000 -0.09988 -0.01653 0.09988 0.01653 0.00027 0.10973 0.11000
8.52000 -0.09999 -0.00554 0.09999 0.00554 0.00003 0.10997 0.11000
8.53000 -0.09999 0.00546 0.09999 -0.00546 0.00003 0.10997 0.11000
8.54000 -0.09988 0.01646 0.09988 -0.01646 0.00027 0.10973 0.11000
8.55000 -0.09966 0.02743 0.09966 -0.02743 0.00075 0.10925 0.11000
8.56000 -0.09933 0.03838 0.09933 -0.03838 0.00147 0.10853 0.11000
8.57000 -0.09889 0.04928 0.09889 -0.04928 0.00243 0.10757 0.11000
8.58000 -0.09834 0.06013 0.09834 -0.06013 0.00362 0.10638 0.11000
8.59000 -0.09769 0.07091 0.09769 -0.07091 0.00503 0.10497 0.11000
8.60000 -0.09692 0.08162 0.09692 -0.08162 0.00666 0.10334 0.11000
8.61000 -0.09606 0.09223 0.09606 -0.09223 0.00851 0.10149 0.11000
8.62000 -0.09508 0.10275 0.09508 -0.10275 0.01056 0.09944 0.11000
8.63000 -0.09400 0.11315 0.09400 -0.11315 0.01280 0.09720 0.11000
8.64000 -0.09282 0.12342 0.09282 -0.12342 0.01523 0.09477 0.11000
8.65000 -0.09153 0.13356 0.09153 -0.13356 0.01784 0.09216 0.11000
8.66000 -0.09015 0.14356 0.09015 -0.14356 0.02061 0.08939 0.11000
8.67000 -0.08866 0.15339 0.08866 -0.15339 0.02353 0.08647 0.11000
8.68000 -0.08708 0.16306 0.08708 -0.16306 0.02659 0.08341 0.11000
8.69000 -0.08540 0.17255 0.08540 -0.17255 0.02977 0.08023 0.11000
8.70000 -0.08363 0.18184 0.08363 -0.18184 0.03307 0.07693 0.11000
8.71000 -0.08177 0.19094 0.08177 -0.19094 0.03646 0.07354 0.11000
8.72000 -0.07981 0.19983 0.07981 -0.19983 0.03993 0.07007 0.11000
8.73000 -0.07777 0.20850 0.07777 -0.20850 0.04347 0.06653 0.11000
8.74000 -0.07564 0.21693 0.07564 -0.21693 0.04706 0.06294 0.11000
8.75000 -0.07343 0.22513 0.07343 -0.22513 0.05069 0.05931 0.11000
8.76000 -0.07114 0.23309 0.07114 -0.23309 0.05433 0.05567 0.11000
8.77000 -0.06877 0.24078 0.06877 -0.24078 0.05798 0.05202 0.11000
8.78000 -0.06633 0.24821 0.06633 -0.24821 0.06161 0.04839 0.11000
8.79000 -0.06381 0.25537 0.06381 -0.25537 0.06521 0.04479 0.11000
8.80000 -0.06122 0.26225 0.06122 -0.26225 0.06877 0.04123 0.11000
8.81000 -0.05856 0.26884 0.05856 -0.26884 0.07227 0.03773 0.11000
8.82000 -0.05584 0.27513 0.05584 -0.27513 0.07570 0.03430 0.11000
8.83000 -0.05306 0.28112 0.05306 -0.28112 0.07903 0.03097 0.11000
8.84000 -0.05022 0.28680 0.05022 -0.28680 0.08225 0.02775 0.11000
8.85000 -0.04733 0.29217 0.04733 -0.29217 0.08536 0.02464 0.11000
8.86000 -0.04438 0.29721 0.04438 -0.29721 0.08833 0.02167 0.11000
8.87000 -0.04138 0.30193 0.04138 -0.30193 0.09116 0.01884 0.11000
8.88000 -0.03834 0.30631 0.03834 -0.30631 0.09383 0.01617 0.11000
8.89000 -0.03526 0.31036 0.03526 -0.31036 0.09632 0.01368 0.11000
8.90000 -0.03214 0.31407 0.03214 -0.31407 0.09864 0.01136 0.11000
8.91000 -0.02898 0.31743 0.02898 -0.31743 0.10076 0.00924 0.11000
8.92000 -0.02579 0.32044 0.02579 -0.32044 0.10268 0.00732 0.11000
8.93000 -0.02257 0.32310 0.02257 -0.32310 0.10440 0.00560 0.11000
8.94000 -0.01933 0.32541 0.01933 -0.32541 0.10589 0.00411 0.11000
8.95000 -0.01606 0.32736 0.01606 -0.32736 0.10716 0.00284 0.11000
8.96000 -0.01278 0.32894 0.01278 -0.32894 0.10820 0.00180 0.11000
8.97000 -0.00949 0.33017 0.00949 -0.33017 0.10901 0.00099 0.11000
8.98000 -0.00618 0.33103 0.00618 -0.33103 0.10958 0.00042 0.11000
8.99000 -0.00287 0.33153 0.00287 -0.33153 0.10991 0.00009 0.11000
9.00000 0.00045 0.33166 -0.00045 -0.33166 0.11000 0.00000 0.11000
9.01000 0.00376 0.33143 -0.00376 -0.33143 0.10984 0.00016 0.11000
9.02000 0.00708 0.33083 -0.00708 -0.33083 0.10945 0.00055 0.11000
9.03000 0.01038 0.32987 -0.01038 -0.32987 0.10881 0.00119 0.11000
9.04000 0.01367 0.32855 -0.01367 -0.32855 0.10794 0.00206 0.11000
9.05000 0.01695 0.32686 -0.01695 -0.32686 0.10684 0.00316 0.11000
9.06000 0.02021 0.32482 -0.02021 -0.32482 0.10551 0.00449 0.11000
9.07000 0.02345 0.32242 -0.02345 -0.32242 0.10395 0.00605 0.11000
9.08000 0.02666 0.31966 -0.02666 -0.31966 0.10218 0.00782 0.11000
9.09000 0.02984 0.31655 -0.02984 -0.31655 0.10021 0.00979 0.11000
9.10000 0.03299 0.31310 -0.03299 -0.31310 0.09803 0.01197 0.11000
9.11000 0.03610 0.30930 -0.03610 -0.30930 0.09567 0.01433 0.11000
9.12000 0.03917 0.30516 -0.03917 -0.30516 0.09312 0.01688 0.11000
9.13000 0.04220 0.30068 -0.04220 -0.30068 0.09041 0.01959 0.11000
9.14000 0.04518 0.29588 -0.04518 -0.29588 0.08754 0.02246 0.11000
9.15000 0.04812 0.29074 -0.04812 -0.29074 0.08453 0.02547 0.11000
9.16000 0.05100 0.28529 -0.05100 -0.28529 0.08139 0.02861 0.11000
9.17000 0.05382 0.27953 -0.05382 -0.27953 0.07814 0.03186 0.11000
9.18000 0.05659 0.27345 -0.05659 -0.27345 0.07478 0.03522 0.11000
9.19000 0.05929 0.26708 -0.05929 -0.26708 0.07133 0.03867 0.11000
9.20000 0.06193 0.26041 -0.06193 -0.26041 0.06781 0.04219 0.11000
9.21000 0.06450 0.25346 -0.06450 -0.25346 0.06424 0.04576 0.11000
9.22000 0.06700 0.24623 -0.06700 -0.24623 0.06063 0.04937 0.11000
9.23000 0.06942 0.23872 -0.06942 -0.23872 0.05699 0.05301 0.11000
9.24000 0.07177 0.23096 -0.07177 -0.23096 0.05334 0.05666 0.11000
9.25000 0.07404 0.22294 -0.07404 -0.22294 0.04970 0.06030 0.11000
9.26000 0.07623 0.21467 -0.07623 -0.21467 0.04608 0.06392 0.11000
9.27000 0.07833 0.20617 -0.07833 -0.20617 0.04251 0.06749 0.11000
9.28000 0.08035 0.19744 -0.08035 -0.19744 0.03898 0.07102 0.11000
9.29000 0.08228 0.18850 -0.08228 -0.18850 0.03553 0.07447 0.11000
9.30000 0.08412 0.17934 -0.08412 -0.17934 0.03216 0.07784 0.11000
9.31000 0.08587 0.16999 -0.08587 -0.16999 0.02890 0.08110 0.11000
9.32000 0.08752 0.16046 -0.08752 -0.16046 0.02575 0.08425 0.11000
9.33000 0.08907 0.15074 -0.08907 -0.15074 0.02272 0.08728 0.11000
9.34000 0.09053 0.14086 -0.09053 -0.14086 0.01984 0.09016 0.11000
9.35000 0.09189 0.13083 -0.09189 -0.13083 0.01712 0.09288 0.11000
9.36000 0.09315 0.12065 -0.09315 -0.12065 0.01456 0.09544 0.11000
9.37000 0.09430 0.11034 -0.09430 -0.11034 0.01217 0.09783 0.11000
9.38000 0.09536 0.09991 -0.09536 -0.09991 0.00998 0.10002 0.11000
9.39000 0.09630 0.08937 -0.09630 -0.08937 0.00799 0.10201 0.11000
9.40000 0.09714 0.07873 -0.09714 -0.07873 0.00620 0.10380 0.11000
9.41000 0.09788 0.06800 -0.09788 -0.06800 0.00462 0.10538 0.11000
9.42000 0.09850 0.05720 -0.09850 -0.05720 0.00327 0.10673 0.11000
9.43000 0.09902 0.04633 -0.09902 -0.04633 0.00215 0.10785 0.11000
9.44000 0.09943 0.03542 -0.09943 -0.03542 0.00125 0.10875 0.11000
9.45000 0.09973 0.02446 -0.09973 -0.02446 0.00060 0.10940 0.11000
9.46000 0.09992 0.01348 -0.09992 -0.01348 0.00018 0.10982 0.11000
9.47000 0.10000 0.00248 -0.10000 -0.00248 0.00001 0.10999 0.11000
9.48000 0.09997 -0.00851 -0.09997 0.00851 0.00007 0.10993 0.11000
9.49000 0.09983 -0.01950 -0.09983 0.01950 0.00038 0.10962 0.11000
9.50000 0.09958 -0.03047 -0.09958 0.03047 0.00093 0.10907 0.11000
9.51000 0.09922 -0.04141 -0.09922 0.04141 0.00171 0.10829 0.11000
9.52000 0.09875 -0.05230 -0.09875 0.05230 0.00273 0.10727 0.11000
9.53000 0.09817 -0.06313 -0.09817 0.06313 0.00399 0.10601 0.11000
9.54000 0.09749 -0.07389 -0.09749 0.07389 0.00546 0.10454 0.11000
9.55000 0.09669 -0.08457 -0.09669 0.08457 0.00715 0.10285 0.11000
9.56000 0.09580 -0.09516 -0.09580 0.09516 0.00906 0.10094 0.11000
9.57000 0.09479 -0.10564 -0.09479 0.10564 0.01116 0.09884 0.11000
9.58000 0.09368 -0.11601 -0.09368 0.11601 0.01346 0.09654 0.11000
9.59000 0.09247 -0.12625 -0.09247 0.12625 0.01594 0.09406 0.11000
9.60000 0.09116 -0.13635 -0.09116 0.13635 0.01859 0.09141 0.11000
9.61000 0.08975 -0.14630 -0.08975 0.14630 0.02140 0.08860 0.11000
9.62000 0.08823 -0.15609 -0.08823 0.15609 0.02436 0.08564 0.11000
9.63000 0.08662 -0.16571 -0.08662 0.16571 0.02746 0.08254 0.11000
9.64000 0.08492 -0.17514 -0.08492 0.17514 0.03068 0.07932 0.11000
9.65000 0.08312 -0.18439 -0.08312 0.18439 0.03400 0.07600 0.11000
9.66000 0.08123 -0.19343 -0.08123 0.19343 0.03741 0.07259 0.11000
9.67000 0.07925 -0.20225 -0.07925 0.20225 0.04091 0.06909 0.11000
9.68000 0.07719 -0.21086 -0.07719 0.21086 0.04446 0.06554 0.11000
9.69000 0.07504 -0.21923 -0.07504 0.21923 0.04806 0.06194 0.11000
9.70000 0.07280 -0.22737 -0.07280 0.22737 0.05169 0.05831 0.11000
9.71000 0.07049 -0.23525 -0.07049 0.23525 0.05534 0.05466 0.11000
9.72000 0.06810 -0.24287 -0.06810 0.24287 0.05899 0.05101 0.11000
9.73000 0.06563 -0.25023 -0.06563 0.25023 0.06261 0.04739 0.11000
9.74000 0.06310 -0.25731 -0.06310 0.25731 0.06621 0.04379 0.11000
9.75000 0.06049 -0.26411 -0.06049 0.26411 0.06975 0.04025 0.11000
9.76000 0.05782 -0.27061 -0.05782 0.27061 0.07323 0.03677 0.11000
9.77000 0.05508 -0.27682 -0.05508 0.27682 0.07663 0.03337 0.11000
9.78000 0.05228 -0.28273 -0.05228 0.28273 0.07993 0.03007 0.11000
9.79000 0.04942 -0.28832 -0.04942 0.28832 0.08313 0.02687 0.11000
9.80000 0.04651 -0.29360 -0.04651 0.29360 0.08620 0.02380 0.11000
9.81000 0.04355 -0.29855 -0.04355 0.29855 0.08913 0.02087 0.11000
9.82000 0.04054 -0.30318 -0.04054 0.30318 0.09192 0.01808 0.11000
9.83000 0.03749 -0.30747 -0.03749 0.30747 0.09454 0.01546 0.11000
9.84000 0.03440 -0.31143 -0.03440 0.31143 0.09699 0.01301 0.11000
9.85000 0.03126 -0.31504 -0.03126 0.31504 0.09925 0.01075 0.11000
9.86000 0.02810 -0.31830 -0.02810 0.31830 0.10132 0.00868 0.11000
9.87000 0.02490 -0.32122 -0.02490 0.32122 0.10318 0.00682 0.11000
9.88000 0.02167 -0.32378 -0.02167 0.32378 0.10483 0.00517 0.11000
9.89000 0.01842 -0.32598 -0.01842 0.32598 0.10627 0.00373 0.11000
9.90000 0.01516 -0.32783 -0.01516 0.32783 0.10747 0.00253 0.11000
9.91000 0.01187 -0.32932 -0.01187 0.32932 0.10845 0.00155 0.11000
9.92000 0.00857 -0.33044 -0.00857 0.33044 0.10919 0.00081 0.11000
9.93000 0.00526 -0.33120 -0.00526 0.33120 0.10970 0.00030 0.11000
9.94000 0.00195 -0.33160 -0.00195 0.33160 0.10996 0.00004 0.11000
9.95000 -0.00137 -0.33163 0.00137 0.33163 0.10998 0.00002 0.11000
9.96000 -0.00468 -0.33130 0.00468 0.33130 0.10976 0.00024 0.11000
9.97000 -0.00799 -0.33060 0.00799 0.33060 0.10930 0.00070 0.11000
9.98000 -0.01130 -0.32954 0.01130 0.32954 0.10860 0.00140 0.11000
9.99000 -0.01458 -0.32812 0.01458 0.32812 0.10766 0.00234 0.11000
