# t x1 v1 x2 v2 E_kin E_pot E_tot
0.00000 0.10000 0.00000 0.10000 0.00000 0.00000 0.01000 0.01000
0.01000 0.10000 -0.00100 0.10000 -0.00100 0.00000 0.01000 0.01000
0.02000 0.09998 -0.00200 0.09998 -0.00200 0.00000 0.01000 0.01000
0.03000 0.09996 -0.00300 0.09996 -0.00300 0.00001 0.00999 0.01000
0.04000 0.09992 -0.00400 0.09992 -0.00400 0.00002 0.00998 0.01000
0.05000 0.09988 -0.00500 0.09988 -0.00500 0.00002 0.00998 0.01000
0.06000 0.09982 -0.00600 0.09982 -0.00600 0.00004 0.00996 0.01000
0.07000 0.09976 -0.00699 0.09976 -0.00699 0.00005 0.00995 0.01000
0.08000 0.09968 -0.00799 0.09968 -0.00799 0.00006 0.00994 0.01000
0.09000 0.09960 -0.00899 0.09960 -0.00899 0.00008 0.00992 0.01000
0.10000 0.09950 -0.00998 0.09950 -0.00998 0.00010 0.00990 0.01000
0.11000 0.09940 -0.01098 0.09940 -0.01098 0.00012 0.00988 0.01000
0.12000 0.09928 -0.01197 0.09928 -0.01197 0.00014 0.00986 0.01000
0.13000 0.09916 -0.01296 0.09916 -0.01296 0.00017 0.00983 0.01000
0.14000 0.09902 -0.01395 0.09902 -0.01395 0.00019 0.00981 0.01000
0.15000 0.09888 -0.01494 0.09888 -0.01494 0.00022 0.00978 0.01000
0.16000 0.09872 -0.01593 0.09872 -0.01593 0.00025 0.00975 0.01000
0.17000 0.09856 -0.01692 0.09856 -0.01692 0.00029 0.00971 0.01000
0.18000 0.09838 -0.01790 0.09838 -0.01790 0.00032 0.00968 0.01000
0.19000 0.09820 -0.01889 0.09820 -0.01889 0.00036 0.00964 0.01000
0.20000 0.09801 -0.01987 0.09801 -0.01987 0.00039 0.00961 0.01000
0.21000 0.09780 -0.02085 0.09780 -0.02085 0.00043 0.00957 0.01000
0.22000 0.09759 -0.02182 0.09759 -0.02182 0.00048 0.00952 0.01000
0.23000 0.09737 -0.02280 0.09737 -0.02280 0.00052 0.00948 0.01000
0.24000 0.09713 -0.02377 0.09713 -0.02377 0.00057 0.00943 0.01000
0.25000 0.09689 -0.02474 0.09689 -0.02474 0.00061 0.00939 0.01000
0.26000 0.09664 -0.02571 0.09664 -0.02571 0.00066 0.00934 0.01000
0.27000 0.09638 -0.02667 0.09638 -0.02667 0.00071 0.00929 0.01000
0.28000 0.09611 -0.02764 0.09611 -0.02764 0.00076 0.00924 0.01000
0.29000 0.09582 -0.02860 0.09582 -0.02860 0.00082 0.00918 0.01000
0.30000 0.09553 -0.02955 0.09553 -0.02955 0.00087 0.00913 0.01000
0.31000 0.09523 -0.03051 0.09523 -0.03051 0.00093 0.00907 0.01000
0.32000 0.09492 -0.03146 0.09492 -0.03146 0.00099 0.00901 0.01000
0.33000 0.09460 -0.03240 0.09460 -0.03240 0.00105 0.00895 0.01000
0.34000 0.09428 -0.03335 0.09428 -0.03335 0.00111 0.00889 0.01000
0.35000 0.09394 -0.03429 0.09394 -0.03429 0.00118 0.00882 0.01000
0.36000 0.09359 -0.03523 0.09359 -0.03523 0.00124 0.00876 0.01000
0.37000 0.09323 -0.03616 0.09323 -0.03616 0.00131 0.00869 0.01000
0.38000 0.09287 -0.03709 0.09287 -0.03709 0.00138 0.00862 0.01000
0.39000 0.09249 -0.03802 0.09249 -0.03802 0.00145 0.00855 0.01000
0.40000 0.09211 -0.03894 0.09211 -0.03894 0.00152 0.00848 0.01000
0.41000 0.09171 -0.03986 0.09171 -0.03986 0.00159 0.00841 0.01000
0.42000 0.09131 -0.04078 0.09131 -0.04078 0.00166 0.00834 0.01000
0.43000 0.09090 -0.04169 0.09090 -0.04169 0.00174 0.00826 0.01000
0.44000 0.09048 -0.04259 0.09048 -0.04259 0.00181 0.00819 0.01000
0.45000 0.09004 -0.04350 0.09004 -0.04350 0.00189 0.00811 0.01000
0.46000 0.08961 -0.04439 0.08961 -0.04439 0.00197 0.00803 0.01000
0.47000 0.08916 -0.04529 0.08916 -0.04529 0.00205 0.00795 0.01000
0.48000 0.08870 -0.04618 0.08870 -0.04618 0.00213 0.00787 0.01000
0.49000 0.08823 -0.04706 0.08823 -0.04706 0.00221 0.00779 0.01000
0.50000 0.08776 -0.04794 0.08776 -0.04794 0.00230 0.00770 0.01000
0.51000 0.08727 -0.04882 0.08727 -0.04882 0.00238 0.00762 0.01000
0.52000 0.08678 -0.04969 0.08678 -0.04969 0.00247 0.00753 0.01000
0.53000 0.08628 -0.05055 0.08628 -0.05055 0.00256 0.00744 0.01000
0.54000 0.08577 -0.05141 0.08577 -0.05141 0.00264 0.00736 0.01000
0.55000 0.08525 -0.05227 0.08525 -0.05227 0.00273 0.00727 0.01000
0.56000 0.08473 -0.05312 0.08473 -0.05312 0.00282 0.00718 0.01000
0.57000 0.08419 -0.05396 0.08419 -0.05396 0.00291 0.00709 0.01000
0.58000 0.08365 -0.05480 0.08365 -0.05480 0.00300 0.00700 0.01000
0.59000 0.08309 -0.05564 0.08309 -0.05564 0.00310 0.00690 0.01000
0.60000 0.08253 -0.05646 0.08253 -0.05646 0.00319 0.00681 0.01000
0.61000 0.08196 -0.05729 0.08196 -0.05729 0.00328 0.00672 0.01000
0.62000 0.08139 -0.05810 0.08139 -0.05810 0.00338 0.00662 0.01000
0.63000 0.08080 -0.05891 0.08080 -0.05891 0.00347 0.00653 0.01000
0.64000 0.08021 -0.05972 0.08021 -0.05972 0.00357 0.00643 0.01000
0.65000 0.07961 -0.06052 0.07961 -0.06052 0.00366 0.00634 0.01000
0.66000 0.07900 -0.06131 0.07900 -0.06131 0.00376 0.00624 0.01000
0.67000 0.07838 -0.06210 0.07838 -0.06210 0.00386 0.00614 0.01000
0.68000 0.07776 -0.06288 0.07776 -0.06288 0.00395 0.00605 0.01000
0.69000 0.07712 -0.06365 0.07712 -0.06365 0.00405 0.00595 0.01000
0.70000 0.07648 -0.06442 0.07648 -0.06442 0.00415 0.00585 0.01000
0.71000 0.07584 -0.06518 0.07584 -0.06518 0.00425 0.00575 0.01000
0.72000 0.07518 -0.06594 0.07518 -0.06594 0.00435 0.00565 0.01000
0.73000 0.07452 -0.06669 0.07452 -0.06669 0.00445 0.00555 0.01000
0.74000 0.07385 -0.06743 0.07385 -0.06743 0.00455 0.00545 0.01000
0.75000 0.07317 -0.06816 0.07317 -0.06816 0.00465 0.00535 0.01000
0.76000 0.07248 -0.06889 0.07248 -0.06889 0.00475 0.00525 0.01000
0.77000 0.07179 -0.06961 0.07179 -0.06961 0.00485 0.00515 0.01000
0.78000 0.07109 -0.07033 0.07109 -0.07033 0.00495 0.00505 0.01000
0.79000 0.07038 -0.07104 0.07038 -0.07104 0.00505 0.00495 0.01000
0.80000 0.06967 -0.07174 0.06967 -0.07174 0.00515 0.00485 0.01000
0.81000 0.06895 -0.07243 0.06895 -0.07243 0.00525 0.00475 0.01000
0.82000 0.06822 -0.07311 0.06822 -0.07311 0.00535 0.00465 0.01000
0.83000 0.06749 -0.07379 0.06749 -0.07379 0.00545 0.00455 0.01000
0.84000 0.06675 -0.07446 0.06675 -0.07446 0.00554 0.00446 0.01000
0.85000 0.06600 -0.07513 0.06600 -0.07513 0.00564 0.00436 0.01000
0.86000 0.06524 -0.07578 0.06524 -0.07578 0.00574 0.00426 0.01000
0.87000 0.06448 -0.07643 0.06448 -0.07643 0.00584 0.00416 0.01000
0.88000 0.06372 -0.07707 0.06372 -0.07707 0.00594 0.00406 0.01000
0.89000 0.06294 -0.07771 0.06294 -0.07771 0.00604 0.00396 0.01000
0.90000 0.06216 -0.07833 0.06216 -0.07833 0.00614 0.00386 0.01000
0.91000 0.06137 -0.07895 0.06137 -0.07895 0.00623 0.00377 0.01000
0.92000 0.06058 -0.07956 0.06058 -0.07956 0.00633 0.00367 0.01000
0.93000 0.05978 -0.08016 0.05978 -0.08016 0.00643 0.00357 0.01000
0.94000 0.05898 -0.08076 0.05898 -0.08076 0.00652 0.00348 0.01000
0.95000 0.05817 -0.08134 0.05817 -0.08134 0.00662 0.00338 0.01000
0.96000 0.05735 -0.08192 0.05735 -0.08192 0.00671 0.00329 0.01000
0.97000 0.05653 -0.08249 0.05653 -0.08249 0.00680 0.00320 0.01000
0.98000 0.05570 -0.08305 0.05570 -0.08305 0.00690 0.00310 0.01000
0.99000 0.05487 -0.08360 0.05487 -0.08360 0.00699 0.00301 0.01000
1.00000 0.05403 -0.08415 0.05403 -0.08415 0.00708 0.00292 0.01000
1.01000 0.05319 -0.08468 0.05319 -0.08468 0.00717 0.00283 0.01000
1.02000 0.05234 -0.08521 0.05234 -0.08521 0.00726 0.00274 0.01000
1.03000 0.05148 -0.08573 0.05148 -0.08573 0.00735 0.00265 0.01000
1.04000 0.05062 -0.08624 0.05062 -0.08624 0.00744 0.00256 0.01000
1.05000 0.04976 -0.08674 0.04976 -0.08674 0.00752 0.00248 0.01000
1.06000 0.04889 -0.08724 0.04889 -0.08724 0.00761 0.00239 0.01000
1.07000 0.04801 -0.08772 0.04801 -0.08772 0.00769 0.00231 0.01000
1.08000 0.04713 -0.08820 0.04713 -0.08820 0.00778 0.00222 0.01000
1.09000 0.04625 -0.08866 0.04625 -0.08866 0.00786 0.00214 0.01000
1.10000 0.04536 -0.08912 0.04536 -0.08912 0.00794 0.00206 0.01000
1.11000 0.04447 -0.08957 0.04447 -0.08957 0.00802 0.00198 0.01000
1.12000 0.04357 -0.09001 0.04357 -0.09001 0.00810 0.00190 0.01000
1.13000 0.04267 -0.09044 0.04267 -0.09044 0.00818 0.00182 0.01000
1.14000 0.04176 -0.09086 0.04176 -0.09086 0.00826 0.00174 0.01000
1.15000 0.04085 -0.09128 0.04085 -0.09128 0.00833 0.00167 0.01000
1.16000 0.03993 -0.09168 0.03993 -0.09168 0.00841 0.00159 0.01000
1.17000 0.03902 -0.09208 0.03902 -0.09208 0.00848 0.00152 0.01000
1.18000 0.03809 -0.09246 0.03809 -0.09246 0.00855 0.00145 0.01000
1.19000 0.03717 -0.09284 0.03717 -0.09284 0.00862 0.00138 0.01000
1.20000 0.03624 -0.09320 0.03624 -0.09320 0.00869 0.00131 0.01000
1.21000 0.03530 -0.09356 0.03530 -0.09356 0.00875 0.00125 0.01000
1.22000 0.03436 -0.09391 0.03436 -0.09391 0.00882 0.00118 0.01000
1.23000 0.03342 -0.09425 0.03342 -0.09425 0.00888 0.00112 0.01000
1.24000 0.03248 -0.09458 0.03248 -0.09458 0.00895 0.00105 0.01000
1.25000 0.03153 -0.09490 0.03153 -0.09490 0.00901 0.00099 0.01000
1.26000 0.03058 -0.09521 0.03058 -0.09521 0.00906 0.00094 0.01000
1.27000 0.02963 -0.09551 0.02963 -0.09551 0.00912 0.00088 0.01000
1.28000 0.02867 -0.09580 0.02867 -0.09580 0.00918 0.00082 0.01000
1.29000 0.02771 -0.09608 0.02771 -0.09608 0.00923 0.00077 0.01000
1.30000 0.02675 -0.09636 0.02675 -0.09636 0.00928 0.00072 0.01000
1.31000 0.02579 -0.09662 0.02579 -0.09662 0.00934 0.00066 0.01000
1.32000 0.02482 -0.09687 0.02482 -0.09687 0.00938 0.00062 0.01000
1.33000 0.02385 -0.09711 0.02385 -0.09711 0.00943 0.00057 0.01000
1.34000 0.02288 -0.09735 0.02288 -0.09735 0.00948 0.00052 0.01000
1.35000 0.02190 -0.09757 0.02190 -0.09757 0.00952 0.00048 0.01000
1.36000 0.02092 -0.09779 0.02092 -0.09779 0.00956 0.00044 0.01000
1.37000 0.01994 -0.09799 0.01994 -0.09799 0.00960 0.00040 0.01000
1.38000 0.01896 -0.09819 0.01896 -0.09819 0.00964 0.00036 0.01000
1.39000 0.01798 -0.09837 0.01798 -0.09837 0.00968 0.00032 0.01000
1.40000 0.01700 -0.09854 0.01700 -0.09854 0.00971 0.00029 0.01000
1.41000 0.01601 -0.09871 0.01601 -0.09871 0.00974 0.00026 0.01000
1.42000 0.01502 -0.09887 0.01502 -0.09887 0.00977 0.00023 0.01000
1.43000 0.01403 -0.09901 0.01403 -0.09901 0.00980 0.00020 0.01000
1.44000 0.01304 -0.09915 0.01304 -0.09915 0.00983 0.00017 0.01000
1.45000 0.01205 -0.09927 0.01205 -0.09927 0.00985 0.00015 0.01000
1.46000 0.01106 -0.09939 0.01106 -0.09939 0.00988 0.00012 0.01000
1.47000 0.01006 -0.09949 0.01006 -0.09949 0.00990 0.00010 0.01000
1.48000 0.00907 -0.09959 0.00907 -0.09959 0.00992 0.00008 0.01000
1.49000 0.00807 -0.09967 0.00807 -0.09967 0.00993 0.00007 0.01000
1.50000 0.00707 -0.09975 0.00707 -0.09975 0.00995 0.00005 0.01000
1.51000 0.00608 -0.09982 0.00608 -0.09982 0.00996 0.00004 0.01000
1.52000 0.00508 -0.09987 0.00508 -0.09987 0.00997 0.00003 0.01000
1.53000 0.00408 -0.09992 0.00408 -0.09992 0.00998 0.00002 0.01000
1.54000 0.00308 -0.09995 0.00308 -0.09995 0.00999 0.00001 0.01000
1.55000 0.00208 -0.09998 0.00208 -0.09998 0.01000 0.00000 0.01000
1.56000 0.00108 -0.09999 0.00108 -0.09999 0.01000 0.00000 0.01000
1.57000 0.00008 -0.10000 0.00008 -0.10000 0.01000 0.00000 0.01000
1.58000 -0.00092 -0.10000 -0.00092 -0.10000 0.01000 0.00000 0.01000
1.59000 -0.00192 -0.09998 -0.00192 -0.09998 0.01000 0.00000 0.01000
1.60000 -0.00292 -0.09996 -0.00292 -0.09996 0.00999 0.00001 0.01000
1.61000 -0.00392 -0.09992 -0.00392 -0.09992 0.00998 0.00002 0.01000
1.62000 -0.00492 -0.09988 -0.00492 -0.09988 0.00998 0.00002 0.01000
1.63000 -0.00592 -0.09982 -0.00592 -0.09982 0.00996 0.00004 0.01000
1.64000 -0.00691 -0.09976 -0.00691 -0.09976 0.00995 0.00005 0.01000
1.65000 -0.00791 -0.09969 -0.00791 -0.09969 0.00994 0.00006 0.01000
1.66000 -0.00891 -0.09960 -0.00891 -0.09960 0.00992 0.00008 0.01000
1.67000 -0.00990 -0.09951 -0.00990 -0.09951 0.00990 0.00010 0.01000
1.68000 -0.01090 -0.09940 -0.01090 -0.09940 0.00988 0.00012 0.01000
1.69000 -0.01189 -0.09929 -0.01189 -0.09929 0.00986 0.00014 0.01000
1.70000 -0.01288 -0.09917 -0.01288 -0.09917 0.00983 0.00017 0.01000
1.71000 -0.01388 -0.09903 -0.01388 -0.09903 0.00981 0.00019 0.01000
1.72000 -0.01487 -0.09889 -0.01487 -0.09889 0.00978 0.00022 0.01000
1.73000 -0.01585 -0.09874 -0.01585 -0.09874 0.00975 0.00025 0.01000
1.74000 -0.01684 -0.09857 -0.01684 -0.09857 0.00972 0.00028 0.01000
1.75000 -0.01782 -0.09840 -0.01782 -0.09840 0.00968 0.00032 0.01000
1.76000 -0.01881 -0.09822 -0.01881 -0.09822 0.00965 0.00035 0.01000
1.77000 -0.01979 -0.09802 -0.01979 -0.09802 0.00961 0.00039 0.01000
1.78000 -0.02077 -0.09782 -0.02077 -0.09782 0.00957 0.00043 0.01000
1.79000 -0.02175 -0.09761 -0.02175 -0.09761 0.00953 0.00047 0.01000
1.80000 -0.02272 -0.09738 -0.02272 -0.09738 0.00948 0.00052 0.01000
1.81000 -0.02369 -0.09715 -0.02369 -0.09715 0.00944 0.00056 0.01000
1.82000 -0.02466 -0.09691 -0.02466 -0.09691 0.00939 0.00061 0.01000
1.83000 -0.02563 -0.09666 -0.02563 -0.09666 0.00934 0.00066 0.01000
1.84000 -0.02660 -0.09640 -0.02660 -0.09640 0.00929 0.00071 0.01000
1.85000 -0.02756 -0.09613 -0.02756 -0.09613 0.00924 0.00076 0.01000
1.86000 -0.02852 -0.09585 -0.02852 -0.09585 0.00919 0.00081 0.01000
1.87000 -0.02948 -0.09556 -0.02948 -0.09556 0.00913 0.00087 0.01000
1.88000 -0.03043 -0.09526 -0.03043 -0.09526 0.00907 0.00093 0.01000
1.89000 -0.03138 -0.09495 -0.03138 -0.09495 0.00902 0.00098 0.01000
1.90000 -0.03233 -0.09463 -0.03233 -0.09463 0.00895 0.00105 0.01000
1.91000 -0.03327 -0.09430 -0.03327 -0.09430 0.00889 0.00111 0.01000
1.92000 -0.03421 -0.09396 -0.03421 -0.09396 0.00883 0.00117 0.01000
1.93000 -0.03515 -0.09362 -0.03515 -0.09362 0.00876 0.00124 0.01000
1.94000 -0.03609 -0.09326 -0.03609 -0.09326 0.00870 0.00130 0.01000
1.95000 -0.03702 -0.09290 -0.03702 -0.09290 0.00863 0.00137 0.01000
1.96000 -0.03795 -0.09252 -0.03795 -0.09252 0.00856 0.00144 0.01000
1.97000 -0.03887 -0.09214 -0.03887 -0.09214 0.00849 0.00151 0.01000
1.98000 -0.03979 -0.09174 -0.03979 -0.09174 0.00842 0.00158 0.01000
1.99000 -0.04070 -0.09134 -0.04070 -0.09134 0.00834 0.00166 0.01000
2.00000 -0.04161 -0.09093 -0.04161 -0.09093 0.00827 0.00173 0.01000
2.01000 -0.04252 -0.09051 -0.04252 -0.09051 0.00819 0.00181 0.01000
2.02000 -0.04342 -0.09008 -0.04342 -0.09008 0.00811 0.00189 0.01000
2.03000 -0.04432 -0.08964 -0.04432 -0.08964 0.00804 0.00196 0.01000
2.04000 -0.04522 -0.08919 -0.04522 -0.08919 0.00796 0.00204 0.01000
2.05000 -0.04611 -0.08874 -0.04611 -0.08874 0.00787 0.00213 0.01000
2.06000 -0.04699 -0.08827 -0.04699 -0.08827 0.00779 0.00221 0.01000
2.07000 -0.04787 -0.08780 -0.04787 -0.08780 0.00771 0.00229 0.01000
2.08000 -0.04875 -0.08731 -0.04875 -0.08731 0.00762 0.00238 0.01000
2.09000 -0.04962 -0.08682 -0.04962 -0.08682 0.00754 0.00246 0.01000
2.10000 -0.05048 -0.08632 -0.05048 -0.08632 0.00745 0.00255 0.01000
2.11000 -0.05135 -0.08581 -0.05135 -0.08581 0.00736 0.00264 0.01000
2.12000 -0.05220 -0.08529 -0.05220 -0.08529 0.00728 0.00272 0.01000
2.13000 -0.05305 -0.08477 -0.05305 -0.08477 0.00719 0.00281 0.01000
2.14000 -0.05390 -0.08423 -0.05390 -0.08423 0.00710 0.00290 0.01000
2.15000 -0.05474 -0.08369 -0.05474 -0.08369 0.00700 0.00300 0.01000
2.16000 -0.05557 -0.08314 -0.05557 -0.08314 0.00691 0.00309 0.01000
2.17000 -0.05640 -0.08258 -0.05640 -0.08258 0.00682 0.00318 0.01000
2.18000 -0.05722 -0.08201 -0.05722 -0.08201 0.00673 0.00327 0.01000
2.19000 -0.05804 -0.08143 -0.05804 -0.08143 0.00663 0.00337 0.01000
2.20000 -0.05885 -0.08085 -0.05885 -0.08085 0.00654 0.00346 0.01000
2.21000 -0.05966 -0.08026 -0.05966 -0.08026 0.00644 0.00356 0.01000
2.22000 -0.06046 -0.07966 -0.06046 -0.07966 0.00635 0.00365 0.01000
2.23000 -0.06125 -0.07905 -0.06125 -0.07905 0.00625 0.00375 0.01000
2.24000 -0.06204 -0.07843 -0.06204 -0.07843 0.00615 0.00385 0.01000
2.25000 -0.06282 -0.07781 -0.06282 -0.07781 0.00605 0.00395 0.01000
2.26000 -0.06359 -0.07718 -0.06359 -0.07718 0.00596 0.00404 0.01000
2.27000 -0.06436 -0.07654 -0.06436 -0.07654 0.00586 0.00414 0.01000
2.28000 -0.06512 -0.07589 -0.06512 -0.07589 0.00576 0.00424 0.01000
2.29000 -0.06588 -0.07523 -0.06588 -0.07523 0.00566 0.00434 0.01000
2.30000 -0.06663 -0.07457 -0.06663 -0.07457 0.00556 0.00444 0.01000
2.31000 -0.06737 -0.07390 -0.06737 -0.07390 0.00546 0.00454 0.01000
2.32000 -0.06811 -0.07322 -0.06811 -0.07322 0.00536 0.00464 0.01000
2.33000 -0.06883 -0.07254 -0.06883 -0.07254 0.00526 0.00474 0.01000
2.34000 -0.06956 -0.07185 -0.06956 -0.07185 0.00516 0.00484 0.01000
2.35000 -0.07027 -0.07115 -0.07027 -0.07115 0.00506 0.00494 0.01000
2.36000 -0.07098 -0.07044 -0.07098 -0.07044 0.00496 0.00504 0.01000
2.37000 -0.07168 -0.06973 -0.07168 -0.06973 0.00486 0.00514 0.01000
2.38000 -0.07237 -0.06901 -0.07237 -0.06901 0.00476 0.00524 0.01000
2.39000 -0.07306 -0.06828 -0.07306 -0.06828 0.00466 0.00534 0.01000
2.40000 -0.07374 -0.06755 -0.07374 -0.06755 0.00456 0.00544 0.01000
2.41000 -0.07441 -0.06681 -0.07441 -0.06681 0.00446 0.00554 0.01000
2.42000 -0.07508 -0.06606 -0.07508 -0.06606 0.00436 0.00564 0.01000
2.43000 -0.07573 -0.06530 -0.07573 -0.06530 0.00426 0.00574 0.01000
2.44000 -0.07638 -0.06454 -0.07638 -0.06454 0.00417 0.00583 0.01000
2.45000 -0.07702 -0.06378 -0.07702 -0.06378 0.00407 0.00593 0.01000
2.46000 -0.07766 -0.06300 -0.07766 -0.06300 0.00397 0.00603 0.01000
2.47000 -0.07828 -0.06222 -0.07828 -0.06222 0.00387 0.00613 0.01000
2.48000 -0.07890 -0.06144 -0.07890 -0.06144 0.00377 0.00623 0.01000
2.49000 -0.07951 -0.06065 -0.07951 -0.06065 0.00368 0.00632 0.01000
2.50000 -0.08011 -0.05985 -0.08011 -0.05985 0.00358 0.00642 0.01000
2.51000 -0.08071 -0.05904 -0.08071 -0.05904 0.00349 0.00651 0.01000
2.52000 -0.08130 -0.05823 -0.08130 -0.05823 0.00339 0.00661 0.01000
2.53000 -0.08187 -0.05742 -0.08187 -0.05742 0.00330 0.00670 0.01000
2.54000 -0.08244 -0.05660 -0.08244 -0.05660 0.00320 0.00680 0.01000
2.55000 -0.08301 -0.05577 -0.08301 -0.05577 0.00311 0.00689 0.01000
2.56000 -0.08356 -0.05494 -0.08356 -0.05494 0.00302 0.00698 0.01000
2.57000 -0.08410 -0.05410 -0.08410 -0.05410 0.00293 0.00707 0.01000
2.58000 -0.08464 -0.05325 -0.08464 -0.05325 0.00284 0.00716 0.01000
2.59000 -0.08517 -0.05240 -0.08517 -0.05240 0.00275 0.00725 0.01000
2.60000 -0.08569 -0.05155 -0.08569 -0.05155 0.00266 0.00734 0.01000
2.61000 -0.08620 -0.05069 -0.08620 -0.05069 0.00257 0.00743 0.01000
2.62000 -0.08670 -0.04983 -0.08670 -0.04983 0.00248 0.00752 0.01000
2.63000 -0.08720 -0.04896 -0.08720 -0.04896 0.00240 0.00760 0.01000
2.64000 -0.08768 -0.04808 -0.08768 -0.04808 0.00231 0.00769 0.01000
2.65000 -0.08816 -0.04720 -0.08816 -0.04720 0.00223 0.00777 0.01000
2.66000 -0.08863 -0.04632 -0.08863 -0.04632 0.00215 0.00785 0.01000
2.67000 -0.08908 -0.04543 -0.08908 -0.04543 0.00206 0.00794 0.01000
2.68000 -0.08953 -0.04454 -0.08953 -0.04454 0.00198 0.00802 0.01000
2.69000 -0.08998 -0.04364 -0.08998 -0.04364 0.00190 0.00810 0.01000
2.70000 -0.09041 -0.04274 -0.09041 -0.04274 0.00183 0.00817 0.01000
2.71000 -0.09083 -0.04183 -0.09083 -0.04183 0.00175 0.00825 0.01000
2.72000 -0.09124 -0.04092 -0.09124 -0.04092 0.00167 0.00833 0.01000
2.73000 -0.09165 -0.04001 -0.09165 -0.04001 0.00160 0.00840 0.01000
2.74000 -0.09204 -0.03909 -0.09204 -0.03909 0.00153 0.00847 0.01000
2.75000 -0.09243 -0.03817 -0.09243 -0.03817 0.00146 0.00854 0.01000
2.76000 -0.09281 -0.03724 -0.09281 -0.03724 0.00139 0.00861 0.01000
2.77000 -0.09318 -0.03631 -0.09318 -0.03631 0.00132 0.00868 0.01000
2.78000 -0.09353 -0.03538 -0.09353 -0.03538 0.00125 0.00875 0.01000
2.79000 -0.09388 -0.03444 -0.09388 -0.03444 0.00119 0.00881 0.01000
2.80000 -0.09422 -0.03350 -0.09422 -0.03350 0.00112 0.00888 0.01000
2.81000 -0.09455 -0.03255 -0.09455 -0.03255 0.00106 0.00894 0.01000
2.82000 -0.09487 -0.03161 -0.09487 -0.03161 0.00100 0.00900 0.01000
2.83000 -0.09518 -0.03066 -0.09518 -0.03066 0.00094 0.00906 0.01000
2.84000 -0.09549 -0.02970 -0.09549 -0.02970 0.00088 0.00912 0.01000
2.85000 -0.09578 -0.02875 -0.09578 -0.02875 0.00083 0.00917 0.01000
2.86000 -0.09606 -0.02779 -0.09606 -0.02779 0.00077 0.00923 0.01000
2.87000 -0.09633 -0.02683 -0.09633 -0.02683 0.00072 0.00928 0.01000
2.88000 -0.09660 -0.02586 -0.09660 -0.02586 0.00067 0.00933 0.01000
2.89000 -0.09685 -0.02489 -0.09685 -0.02489 0.00062 0.00938 0.01000
2.90000 -0.09710 -0.02392 -0.09710 -0.02392 0.00057 0.00943 0.01000
2.91000 -0.09733 -0.02295 -0.09733 -0.02295 0.00053 0.00947 0.01000
2.92000 -0.09755 -0.02198 -0.09755 -0.02198 0.00048 0.00952 0.01000
2.93000 -0.09777 -0.02100 -0.09777 -0.02100 0.00044 0.00956 0.01000
2.94000 -0.09797 -0.02002 -0.09797 -0.02002 0.00040 0.00960 0.01000
2.95000 -0.09817 -0.01904 -0.09817 -0.01904 0.00036 0.00964 0.01000
2.96000 -0.09836 -0.01806 -0.09836 -0.01806 0.00033 0.00967 0.01000
2.97000 -0.09853 -0.01708 -0.09853 -0.01708 0.00029 0.00971 0.01000
2.98000 -0.09870 -0.01609 -0.09870 -0.01609 0.00026 0.00974 0.01000
2.99000 -0.09885 -0.01510 -0.09885 -0.01510 0.00023 0.00977 0.01000
3.00000 -0.09900 -0.01411 -0.09900 -0.01411 0.00020 0.00980 0.01000
3.01000 -0.09914 -0.01312 -0.09914 -0.01312 0.00017 0.00983 0.01000
3.02000 -0.09926 -0.01213 -0.09926 -0.01213 0.00015 0.00985 0.01000
3.03000 -0.09938 -0.01114 -0.09938 -0.01114 0.00012 0.00988 0.01000
3.04000 -0.09948 -0.01014 -0.09948 -0.01014 0.00010 0.00990 0.01000
3.05000 -0.09958 -0.00915 -0.09958 -0.00915 0.00008 0.00992 0.01000
3.06000 -0.09967 -0.00815 -0.09967 -0.00815 0.00007 0.00993 0.01000
3.07000 -0.09974 -0.00715 -0.09974 -0.00715 0.00005 0.00995 0.01000
3.08000 -0.09981 -0.00616 -0.09981 -0.00616 0.00004 0.00996 0.01000
3.09000 -0.09987 -0.00516 -0.09987 -0.00516 0.00003 0.00997 0.01000
3.10000 -0.09991 -0.00416 -0.09991 -0.00416 0.00002 0.00998 0.01000
3.11000 -0.09995 -0.00316 -0.09995 -0.00316 0.00001 0.00999 0.01000
3.12000 -0.09998 -0.00216 -0.09998 -0.00216 0.00000 0.01000 0.01000
3.13000 -0.09999 -0.00116 -0.09999 -0.00116 0.00000 0.01000 0.01000
3.14000 -0.10000 -0.00016 -0.10000 -0.00016 0.00000 0.01000 0.01000
3.15000 -0.10000 0.00084 -0.10000 0.00084 0.00000 0.01000 0.01000
3.16000 -0.09998 0.00184 -0.09998 0.00184 0.00000 0.01000 0.01000
3.17000 -0.09996 0.00284 -0.09996 0.00284 0.00001 0.00999 0.01000
3.18000 -0.09993 0.00384 -0.09993 0.00384 0.00001 0.00999 0.01000
3.19000 -0.09988 0.00484 -0.09988 0.00484 0.00002 0.00998 0.01000
3.20000 -0.09983 0.00584 -0.09983 0.00584 0.00003 0.00997 0.01000
3.21000 -0.09977 0.00684 -0.09977 0.00684 0.00005 0.00995 0.01000
3.22000 -0.09969 0.00783 -0.09969 0.00783 0.00006 0.00994 0.01000
3.23000 -0.09961 0.00883 -0.09961 0.00883 0.00008 0.00992 0.01000
3.24000 -0.09952 0.00982 -0.09952 0.00982 0.00010 0.00990 0.01000
3.25000 -0.09941 0.01082 -0.09941 0.01082 0.00012 0.00988 0.01000
3.26000 -0.09930 0.01181 -0.09930 0.01181 0.00014 0.00986 0.01000
3.27000 -0.09918 0.01281 -0.09918 0.01281 0.00016 0.00984 0.01000
3.28000 -0.09904 0.01380 -0.09904 0.01380 0.00019 0.00981 0.01000
3.29000 -0.09890 0.01479 -0.09890 0.01479 0.00022 0.00978 0.01000
3.30000 -0.09875 0.01577 -0.09875 0.01577 0.00025 0.00975 0.01000
3.31000 -0.09859 0.01676 -0.09859 0.01676 0.00028 0.00972 0.01000
3.32000 -0.09841 0.01775 -0.09841 0.01775 0.00031 0.00969 0.01000
3.33000 -0.09823 0.01873 -0.09823 0.01873 0.00035 0.00965 0.01000
3.34000 -0.09804 0.01971 -0.09804 0.01971 0.00039 0.00961 0.01000
3.35000 -0.09784 0.02069 -0.09784 0.02069 0.00043 0.00957 0.01000
3.36000 -0.09762 0.02167 -0.09762 0.02167 0.00047 0.00953 0.01000
3.37000 -0.09740 0.02264 -0.09740 0.02264 0.00051 0.00949 0.01000
3.38000 -0.09717 0.02362 -0.09717 0.02362 0.00056 0.00944 0.01000
3.39000 -0.09693 0.02459 -0.09693 0.02459 0.00060 0.00940 0.01000
3.40000 -0.09668 0.02555 -0.09668 0.02555 0.00065 0.00935 0.01000
3.41000 -0.09642 0.02652 -0.09642 0.02652 0.00070 0.00930 0.01000
3.42000 -0.09615 0.02748 -0.09615 0.02748 0.00076 0.00924 0.01000
3.43000 -0.09587 0.02844 -0.09587 0.02844 0.00081 0.00919 0.01000
3.44000 -0.09558 0.02940 -0.09558 0.02940 0.00086 0.00914 0.01000
3.45000 -0.09528 0.03035 -0.09528 0.03035 0.00092 0.00908 0.01000
3.46000 -0.09497 0.03131 -0.09497 0.03131 0.00098 0.00902 0.01000
3.47000 -0.09466 0.03225 -0.09466 0.03225 0.00104 0.00896 0.01000
3.48000 -0.09433 0.03320 -0.09433 0.03320 0.00110 0.00890 0.01000
3.49000 -0.09399 0.03414 -0.09399 0.03414 0.00117 0.00883 0.01000
3.50000 -0.09365 0.03508 -0.09365 0.03508 0.00123 0.00877 0.01000
3.51000 -0.09329 0.03601 -0.09329 0.03601 0.00130 0.00870 0.01000
3.52000 -0.09293 0.03694 -0.09293 0.03694 0.00136 0.00864 0.01000
3.53000 -0.09255 0.03787 -0.09255 0.03787 0.00143 0.00857 0.01000
3.54000 -0.09217 0.03880 -0.09217 0.03880 0.00151 0.00849 0.01000
3.55000 -0.09178 0.03971 -0.09178 0.03971 0.00158 0.00842 0.01000
3.56000 -0.09137 0.04063 -0.09137 0.04063 0.00165 0.00835 0.01000
3.57000 -0.09096 0.04154 -0.09096 0.04154 0.00173 0.00827 0.01000
3.58000 -0.09054 0.04245 -0.09054 0.04245 0.00180 0.00820 0.01000
3.59000 -0.09011 0.04335 -0.09011 0.04335 0.00188 0.00812 0.01000
3.60000 -0.08968 0.04425 -0.08968 0.04425 0.00196 0.00804 0.01000
3.61000 -0.08923 0.04515 -0.08923 0.04515 0.00204 0.00796 0.01000
3.62000 -0.08877 0.04604 -0.08877 0.04604 0.00212 0.00788 0.01000
3.63000 -0.08831 0.04692 -0.08831 0.04692 0.00220 0.00780 0.01000
3.64000 -0.08783 0.04780 -0.08783 0.04780 0.00229 0.00771 0.01000
3.65000 -0.08735 0.04868 -0.08735 0.04868 0.00237 0.00763 0.01000
3.66000 -0.08686 0.04955 -0.08686 0.04955 0.00246 0.00754 0.01000
3.67000 -0.08636 0.05042 -0.08636 0.05042 0.00254 0.00746 0.01000
3.68000 -0.08585 0.05128 -0.08585 0.05128 0.00263 0.00737 0.01000
3.69000 -0.08534 0.05213 -0.08534 0.05213 0.00272 0.00728 0.01000
3.70000 -0.08481 0.05298 -0.08481 0.05298 0.00281 0.00719 0.01000
3.71000 -0.08428 0.05383 -0.08428 0.05383 0.00290 0.00710 0.01000
3.72000 -0.08373 0.05467 -0.08373 0.05467 0.00299 0.00701 0.01000
3.73000 -0.08318 0.05550 -0.08318 0.05550 0.00308 0.00692 0.01000
3.74000 -0.08262 0.05633 -0.08262 0.05633 0.00317 0.00683 0.01000
3.75000 -0.08206 0.05716 -0.08206 0.05716 0.00327 0.00673 0.01000
3.76000 -0.08148 0.05797 -0.08148 0.05797 0.00336 0.00664 0.01000
3.77000 -0.08090 0.05879 -0.08090 0.05879 0.00346 0.00654 0.01000
3.78000 -0.08030 0.05959 -0.08030 0.05959 0.00355 0.00645 0.01000
3.79000 -0.07970 0.06039 -0.07970 0.06039 0.00365 0.00635 0.01000
3.80000 -0.07910 0.06119 -0.07910 0.06119 0.00374 0.00626 0.01000
3.81000 -0.07848 0.06197 -0.07848 0.06197 0.00384 0.00616 0.01000
3.82000 -0.07786 0.06276 -0.07786 0.06276 0.00394 0.00606 0.01000
3.83000 -0.07723 0.06353 -0.07723 0.06353 0.00404 0.00596 0.01000
3.84000 -0.07659 0.06430 -0.07659 0.06430 0.00413 0.00587 0.01000
3.85000 -0.07594 0.06506 -0.07594 0.06506 0.00423 0.00577 0.01000
3.86000 -0.07529 0.06582 -0.07529 0.06582 0.00433 0.00567 0.01000
3.87000 -0.07462 0.06657 -0.07462 0.06657 0.00443 0.00557 0.01000
3.88000 -0.07395 0.06731 -0.07395 0.06731 0.00453 0.00547 0.01000
3.89000 -0.07328 0.06805 -0.07328 0.06805 0.00463 0.00537 0.01000
3.90000 -0.07259 0.06878 -0.07259 0.06878 0.00473 0.00527 0.01000
3.91000 -0.07190 0.06950 -0.07190 0.06950 0.00483 0.00517 0.01000
3.92000 -0.07120 0.07021 -0.07120 0.07021 0.00493 0.00507 0.01000
3.93000 -0.07050 0.07092 -0.07050 0.07092 0.00503 0.00497 0.01000
3.94000 -0.06978 0.07162 -0.06978 0.07162 0.00513 0.00487 0.01000
3.95000 -0.06907 0.07232 -0.06907 0.07232 0.00523 0.00477 0.01000
3.96000 -0.06834 0.07301 -0.06834 0.07301 0.00533 0.00467 0.01000
3.97000 -0.06761 0.07369 -0.06761 0.07369 0.00543 0.00457 0.01000
3.98000 -0.06686 0.07436 -0.06686 0.07436 0.00553 0.00447 0.01000
3.99000 -0.06612 0.07502 -0.06612 0.07502 0.00563 0.00437 0.01000
4.00000 -0.06536 0.07568 -0.06536 0.07568 0.00573 0.00427 0.01000
4.01000 -0.06460 0.07633 -0.06460 0.07633 0.00583 0.00417 0.01000
4.02000 -0.06384 0.07697 -0.06384 0.07697 0.00592 0.00408 0.01000
4.03000 -0.06306 0.07761 -0.06306 0.07761 0.00602 0.00398 0.01000
4.04000 -0.06229 0.07823 -0.06229 0.07823 0.00612 0.00388 0.01000
4.05000 -0.06150 0.07885 -0.06150 0.07885 0.00622 0.00378 0.01000
4.06000 -0.06071 0.07946 -0.06071 0.07946 0.00631 0.00369 0.01000
4.07000 -0.05991 0.08007 -0.05991 0.08007 0.00641 0.00359 0.01000
4.08000 -0.05911 0.08066 -0.05911 0.08066 0.00651 0.00349 0.01000
4.09000 -0.05830 0.08125 -0.05830 0.08125 0.00660 0.00340 0.01000
4.10000 -0.05748 0.08183 -0.05748 0.08183 0.00670 0.00330 0.01000
4.11000 -0.05666 0.08240 -0.05666 0.08240 0.00679 0.00321 0.01000
4.12000 -0.05583 0.08296 -0.05583 0.08296 0.00688 0.00312 0.01000
4.13000 -0.05500 0.08352 -0.05500 0.08352 0.00697 0.00303 0.01000
4.14000 -0.05416 0.08406 -0.05416 0.08406 0.00707 0.00293 0.01000
4.15000 -0.05332 0.08460 -0.05332 0.08460 0.00716 0.00284 0.01000
4.16000 -0.05247 0.08513 -0.05247 0.08513 0.00725 0.00275 0.01000
4.17000 -0.05162 0.08565 -0.05162 0.08565 0.00734 0.00266 0.01000
4.18000 -0.05076 0.08616 -0.05076 0.08616 0.00742 0.00258 0.01000
4.19000 -0.04990 0.08666 -0.04990 0.08666 0.00751 0.00249 0.01000
4.20000 -0.04903 0.08716 -0.04903 0.08716 0.00760 0.00240 0.01000
4.21000 -0.04815 0.08764 -0.04815 0.08764 0.00768 0.00232 0.01000
4.22000 -0.04727 0.08812 -0.04727 0.08812 0.00777 0.00223 0.01000
4.23000 -0.04639 0.08859 -0.04639 0.08859 0.00785 0.00215 0.01000
4.24000 -0.04550 0.08905 -0.04550 0.08905 0.00793 0.00207 0.01000
4.25000 -0.04461 0.08950 -0.04461 0.08950 0.00801 0.00199 0.01000
4.26000 -0.04371 0.08994 -0.04371 0.08994 0.00809 0.00191 0.01000
4.27000 -0.04281 0.09037 -0.04281 0.09037 0.00817 0.00183 0.01000
4.28000 -0.04190 0.09080 -0.04190 0.09080 0.00824 0.00176 0.01000
4.29000 -0.04099 0.09121 -0.04099 0.09121 0.00832 0.00168 0.01000
4.30000 -0.04008 0.09162 -0.04008 0.09162 0.00839 0.00161 0.01000
4.31000 -0.03916 0.09201 -0.03916 0.09201 0.00847 0.00153 0.01000
4.32000 -0.03824 0.09240 -0.03824 0.09240 0.00854 0.00146 0.01000
4.33000 -0.03731 0.09278 -0.03731 0.09278 0.00861 0.00139 0.01000
4.34000 -0.03638 0.09315 -0.03638 0.09315 0.00868 0.00132 0.01000
4.35000 -0.03545 0.09351 -0.03545 0.09351 0.00874 0.00126 0.01000
4.36000 -0.03451 0.09386 -0.03451 0.09386 0.00881 0.00119 0.01000
4.37000 -0.03357 0.09420 -0.03357 0.09420 0.00887 0.00113 0.01000
4.38000 -0.03263 0.09453 -0.03263 0.09453 0.00894 0.00106 0.01000
4.39000 -0.03168 0.09485 -0.03168 0.09485 0.00900 0.00100 0.01000
4.40000 -0.03073 0.09516 -0.03073 0.09516 0.00906 0.00094 0.01000
4.41000 -0.02978 0.09546 -0.02978 0.09546 0.00911 0.00089 0.01000
4.42000 -0.02882 0.09576 -0.02882 0.09576 0.00917 0.00083 0.01000
4.43000 -0.02787 0.09604 -0.02787 0.09604 0.00922 0.00078 0.01000
4.44000 -0.02690 0.09631 -0.02690 0.09631 0.00928 0.00072 0.01000
4.45000 -0.02594 0.09658 -0.02594 0.09658 0.00933 0.00067 0.01000
4.46000 -0.02497 0.09683 -0.02497 0.09683 0.00938 0.00062 0.01000
4.47000 -0.02400 0.09708 -0.02400 0.09708 0.00942 0.00058 0.01000
4.48000 -0.02303 0.09731 -0.02303 0.09731 0.00947 0.00053 0.01000
4.49000 -0.02206 0.09754 -0.02206 0.09754 0.00951 0.00049 0.01000
4.50000 -0.02108 0.09775 -0.02108 0.09775 0.00956 0.00044 0.01000
4.51000 -0.02010 0.09796 -0.02010 0.09796 0.00960 0.00040 0.01000
4.52000 -0.01912 0.09816 -0.01912 0.09816 0.00963 0.00037 0.01000
4.53000 -0.01814 0.09834 -0.01814 0.09834 0.00967 0.00033 0.01000
4.54000 -0.01715 0.09852 -0.01715 0.09852 0.00971 0.00029 0.01000
4.55000 -0.01617 0.09868 -0.01617 0.09868 0.00974 0.00026 0.01000
4.56000 -0.01518 0.09884 -0.01518 0.09884 0.00977 0.00023 0.01000
4.57000 -0.01419 0.09899 -0.01419 0.09899 0.00980 0.00020 0.01000
4.58000 -0.01320 0.09912 -0.01320 0.09912 0.00983 0.00017 0.01000
4.59000 -0.01221 0.09925 -0.01221 0.09925 0.00985 0.00015 0.01000
4.60000 -0.01122 0.09937 -0.01122 0.09937 0.00987 0.00013 0.01000
4.61000 -0.01022 0.09948 -0.01022 0.09948 0.00990 0.00010 0.01000
4.62000 -0.00923 0.09957 -0.00923 0.09957 0.00991 0.00009 0.01000
4.63000 -0.00823 0.09966 -0.00823 0.09966 0.00993 0.00007 0.01000
4.64000 -0.00723 0.09974 -0.00723 0.09974 0.00995 0.00005 0.01000
4.65000 -0.00623 0.09981 -0.00623 0.09981 0.00996 0.00004 0.01000
4.66000 -0.00524 0.09986 -0.00524 0.09986 0.00997 0.00003 0.01000
4.67000 -0.00424 0.09991 -0.00424 0.09991 0.00998 0.00002 0.01000
4.68000 -0.00324 0.09995 -0.00324 0.09995 0.00999 0.00001 0.01000
4.69000 -0.00224 0.09997 -0.00224 0.09997 0.00999 0.00001 0.01000
4.70000 -0.00124 0.09999 -0.00124 0.09999 0.01000 0.00000 0.01000
4.71000 -0.00024 0.10000 -0.00024 0.10000 0.01000 0.00000 0.01000
4.72000 0.00076 0.10000 0.00076 0.10000 0.01000 0.00000 0.01000
4.73000 0.00176 0.09998 0.00176 0.09998 0.01000 0.00000 0.01000
4.74000 0.00276 0.09996 0.00276 0.09996 0.00999 0.00001 0.01000
4.75000 0.00376 0.09993 0.00376 0.09993 0.00999 0.00001 0.01000
4.76000 0.00476 0.09989 0.00476 0.09989 0.00998 0.00002 0.01000
4.77000 0.00576 0.09983 0.00576 0.09983 0.00997 0.00003 0.01000
4.78000 0.00676 0.09977 0.00676 0.09977 0.00995 0.00005 0.01000
4.79000 0.00775 0.09970 0.00775 0.09970 0.00994 0.00006 0.01000
4.80000 0.00875 0.09962 0.00875 0.09962 0.00992 0.00008 0.01000
4.81000 0.00975 0.09952 0.00975 0.09952 0.00991 0.00009 0.01000
4.82000 0.01074 0.09942 0.01074 0.09942 0.00988 0.00012 0.01000
4.83000 0.01173 0.09931 0.01173 0.09931 0.00986 0.00014 0.01000
4.84000 0.01273 0.09919 0.01273 0.09919 0.00984 0.00016 0.01000
4.85000 0.01372 0.09905 0.01372 0.09905 0.00981 0.00019 0.01000
4.86000 0.01471 0.09891 0.01471 0.09891 0.00978 0.00022 0.01000
4.87000 0.01570 0.09876 0.01570 0.09876 0.00975 0.00025 0.01000
4.88000 0.01668 0.09860 0.01668 0.09860 0.00972 0.00028 0.01000
4.89000 0.01767 0.09843 0.01767 0.09843 0.00969 0.00031 0.01000
4.90000 0.01865 0.09825 0.01865 0.09825 0.00965 0.00035 0.01000
4.91000 0.01963 0.09805 0.01963 0.09805 0.00961 0.00039 0.01000
4.92000 0.02061 0.09785 0.02061 0.09785 0.00958 0.00042 0.01000
4.93000 0.02159 0.09764 0.02159 0.09764 0.00953 0.00047 0.01000
4.94000 0.02257 0.09742 0.02257 0.09742 0.00949 0.00051 0.01000
4.95000 0.02354 0.09719 0.02354 0.09719 0.00945 0.00055 0.01000
4.96000 0.02451 0.09695 0.02451 0.09695 0.00940 0.00060 0.01000
4.97000 0.02548 0.09670 0.02548 0.09670 0.00935 0.00065 0.01000
4.98000 0.02644 0.09644 0.02644 0.09644 0.00930 0.00070 0.01000
4.99000 0.02741 0.09617 0.02741 0.09617 0.00925 0.00075 0.01000
5.00000 0.02837 0.09589 0.02837 0.09589 0.00920 0.00080 0.01000
5.01000 0.02932 0.09560 0.02932 0.09560 0.00914 0.00086 0.01000
5.02000 0.03028 0.09531 0.03028 0.09531 0.00908 0.00092 0.01000
5.03000 0.03123 0.09500 0.03123 0.09500 0.00902 0.00098 0.01000
5.04000 0.03218 0.09468 0.03218 0.09468 0.00896 0.00104 0.01000
5.05000 0.03312 0.09435 0.03312 0.09435 0.00890 0.00110 0.01000
5.06000 0.03407 0.09402 0.03407 0.09402 0.00884 0.00116 0.01000
5.07000 0.03500 0.09367 0.03500 0.09367 0.00877 0.00123 0.01000
5.08000 0.03594 0.09332 0.03594 0.09332 0.00871 0.00129 0.01000
5.09000 0.03687 0.09295 0.03687 0.09295 0.00864 0.00136 0.01000
5.10000 0.03780 0.09258 0.03780 0.09258 0.00857 0.00143 0.01000
5.11000 0.03872 0.09220 0.03872 0.09220 0.00850 0.00150 0.01000
5.12000 0.03964 0.09181 0.03964 0.09181 0.00843 0.00157 0.01000
5.13000 0.04056 0.09141 0.04056 0.09141 0.00836 0.00164 0.01000
5.14000 0.04147 0.09100 0.04147 0.09100 0.00828 0.00172 0.01000
5.15000 0.04238 0.09058 0.04238 0.09058 0.00820 0.00180 0.01000
5.16000 0.04328 0.09015 0.04328 0.09015 0.00813 0.00187 0.01000
5.17000 0.04418 0.08971 0.04418 0.08971 0.00805 0.00195 0.01000
5.18000 0.04508 0.08926 0.04508 0.08926 0.00797 0.00203 0.01000
5.19000 0.04597 0.08881 0.04597 0.08881 0.00789 0.00211 0.01000
5.20000 0.04685 0.08835 0.04685 0.08835 0.00780 0.00220 0.01000
5.21000 0.04773 0.08787 0.04773 0.08787 0.00772 0.00228 0.01000
5.22000 0.04861 0.08739 0.04861 0.08739 0.00764 0.00236 0.01000
5.23000 0.04948 0.08690 0.04948 0.08690 0.00755 0.00245 0.01000
5.24000 0.05035 0.08640 0.05035 0.08640 0.00747 0.00253 0.01000
5.25000 0.05121 0.08589 0.05121 0.08589 0.00738 0.00262 0.01000
5.26000 0.05206 0.08538 0.05206 0.08538 0.00729 0.00271 0.01000
5.27000 0.05292 0.08485 0.05292 0.08485 0.00720 0.00280 0.01000
5.28000 0.05376 0.08432 0.05376 0.08432 0.00711 0.00289 0.01000
5.29000 0.05460 0.08378 0.05460 0.08378 0.00702 0.00298 0.01000
5.30000 0.05544 0.08323 0.05544 0.08323 0.00693 0.00307 0.01000
5.31000 0.05627 0.08267 0.05627 0.08267 0.00683 0.00317 0.01000
5.32000 0.05709 0.08210 0.05709 0.08210 0.00674 0.00326 0.01000
5.33000 0.05791 0.08153 0.05791 0.08153 0.00665 0.00335 0.01000
5.34000 0.05872 0.08094 0.05872 0.08094 0.00655 0.00345 0.01000
5.35000 0.05953 0.08035 0.05953 0.08035 0.00646 0.00354 0.01000
5.36000 0.06033 0.07975 0.06033 0.07975 0.00636 0.00364 0.01000
5.37000 0.06112 0.07915 0.06112 0.07915 0.00626 0.00374 0.01000
5.38000 0.06191 0.07853 0.06191 0.07853 0.00617 0.00383 0.01000
5.39000 0.06269 0.07791 0.06269 0.07791 0.00607 0.00393 0.01000
5.40000 0.06347 0.07728 0.06347 0.07728 0.00597 0.00403 0.01000
5.41000 0.06424 0.07664 0.06424 0.07664 0.00587 0.00413 0.01000
5.42000 0.06500 0.07599 0.06500 0.07599 0.00577 0.00423 0.01000
5.43000 0.06576 0.07534 0.06576 0.07534 0.00568 0.00432 0.01000
5.44000 0.06651 0.07468 0.06651 0.07468 0.00558 0.00442 0.01000
5.45000 0.06725 0.07401 0.06725 0.07401 0.00548 0.00452 0.01000
5.46000 0.06799 0.07333 0.06799 0.07333 0.00538 0.00462 0.01000
5.47000 0.06872 0.07265 0.06872 0.07265 0.00528 0.00472 0.01000
5.48000 0.06944 0.07196 0.06944 0.07196 0.00518 0.00482 0.01000
5.49000 0.07016 0.07126 0.07016 0.07126 0.00508 0.00492 0.01000
5.50000 0.07087 0.07055 0.07087 0.07055 0.00498 0.00502 0.01000
5.51000 0.07157 0.06984 0.07157 0.06984 0.00488 0.00512 0.01000
5.52000 0.07226 0.06912 0.07226 0.06912 0.00478 0.00522 0.01000
5.53000 0.07295 0.06840 0.07295 0.06840 0.00468 0.00532 0.01000
5.54000 0.07363 0.06766 0.07363 0.06766 0.00458 0.00542 0.01000
5.55000 0.07430 0.06692 0.07430 0.06692 0.00448 0.00552 0.01000
5.56000 0.07497 0.06618 0.07497 0.06618 0.00438 0.00562 0.01000
5.57000 0.07563 0.06542 0.07563 0.06542 0.00428 0.00572 0.01000
5.58000 0.07628 0.06467 0.07628 0.06467 0.00418 0.00582 0.01000
5.59000 0.07692 0.06390 0.07692 0.06390 0.00408 0.00592 0.01000
5.60000 0.07756 0.06313 0.07756 0.06313 0.00398 0.00602 0.01000
5.61000 0.07818 0.06235 0.07818 0.06235 0.00389 0.00611 0.01000
5.62000 0.07880 0.06156 0.07880 0.06156 0.00379 0.00621 0.01000
5.63000 0.07942 0.06077 0.07942 0.06077 0.00369 0.00631 0.01000
5.64000 0.08002 0.05997 0.08002 0.05997 0.00360 0.00640 0.01000
5.65000 0.08061 0.05917 0.08061 0.05917 0.00350 0.00650 0.01000
5.66000 0.08120 0.05836 0.08120 0.05836 0.00341 0.00659 0.01000
5.67000 0.08178 0.05755 0.08178 0.05755 0.00331 0.00669 0.01000
5.68000 0.08235 0.05673 0.08235 0.05673 0.00322 0.00678 0.01000
5.69000 0.08292 0.05590 0.08292 0.05590 0.00312 0.00688 0.01000
5.70000 0.08347 0.05507 0.08347 0.05507 0.00303 0.00697 0.01000
5.71000 0.08402 0.05423 0.08402 0.05423 0.00294 0.00706 0.01000
5.72000 0.08456 0.05339 0.08456 0.05339 0.00285 0.00715 0.01000
5.73000 0.08509 0.05254 0.08509 0.05254 0.00276 0.00724 0.01000
5.74000 0.08561 0.05169 0.08561 0.05169 0.00267 0.00733 0.01000
5.75000 0.08612 0.05083 0.08612 0.05083 0.00258 0.00742 0.01000
5.76000 0.08662 0.04996 0.08662 0.04996 0.00250 0.00750 0.01000
5.77000 0.08712 0.04910 0.08712 0.04910 0.00241 0.00759 0.01000
5.78000 0.08761 0.04822 0.08761 0.04822 0.00233 0.00767 0.01000
5.79000 0.08808 0.04734 0.08808 0.04734 0.00224 0.00776 0.01000
5.80000 0.08855 0.04646 0.08855 0.04646 0.00216 0.00784 0.01000
5.81000 0.08901 0.04557 0.08901 0.04557 0.00208 0.00792 0.01000
5.82000 0.08946 0.04468 0.08946 0.04468 0.00200 0.00800 0.01000
5.83000 0.08991 0.04378 0.08991 0.04378 0.00192 0.00808 0.01000
5.84000 0.09034 0.04288 0.09034 0.04288 0.00184 0.00816 0.01000
5.85000 0.09076 0.04198 0.09076 0.04198 0.00176 0.00824 0.01000
5.86000 0.09118 0.04107 0.09118 0.04107 0.00169 0.00831 0.01000
5.87000 0.09158 0.04015 0.09158 0.04015 0.00161 0.00839 0.01000
5.88000 0.09198 0.03924 0.09198 0.03924 0.00154 0.00846 0.01000
5.89000 0.09237 0.03831 0.09237 0.03831 0.00147 0.00853 0.01000
5.90000 0.09275 0.03739 0.09275 0.03739 0.00140 0.00860 0.01000
5.91000 0.09312 0.03646 0.09312 0.03646 0.00133 0.00867 0.01000
5.92000 0.09348 0.03553 0.09348 0.03553 0.00126 0.00874 0.01000
5.93000 0.09383 0.03459 0.09383 0.03459 0.00120 0.00880 0.01000
5.94000 0.09417 0.03365 0.09417 0.03365 0.00113 0.00887 0.01000
5.95000 0.09450 0.03271 0.09450 0.03271 0.00107 0.00893 0.01000
5.96000 0.09482 0.03176 0.09482 0.03176 0.00101 0.00899 0.01000
5.97000 0.09514 0.03081 0.09514 0.03081 0.00095 0.00905 0.01000
5.98000 0.09544 0.02986 0.09544 0.02986 0.00089 0.00911 0.01000
5.99000 0.09573 0.02890 0.09573 0.02890 0.00084 0.00916 0.01000
6.00000 0.09602 0.02794 0.09602 0.02794 0.00078 0.00922 0.01000
6.01000 0.09629 0.02698 0.09629 0.02698 0.00073 0.00927 0.01000
6.02000 0.09656 0.02602 0.09656 0.02602 0.00068 0.00932 0.01000
6.03000 0.09681 0.02505 0.09681 0.02505 0.00063 0.00937 0.01000
6.04000 0.09706 0.02408 0.09706 0.02408 0.00058 0.00942 0.01000
6.05000 0.09729 0.02311 0.09729 0.02311 0.00053 0.00947 0.01000
6.06000 0.09752 0.02213 0.09752 0.02213 0.00049 0.00951 0.01000
6.07000 0.09774 0.02116 0.09774 0.02116 0.00045 0.00955 0.01000
6.08000 0.09794 0.02018 0.09794 0.02018 0.00041 0.00959 0.01000
6.09000 0.09814 0.01920 0.09814 0.01920 0.00037 0.00963 0.01000
6.10000 0.09833 0.01822 0.09833 0.01822 0.00033 0.00967 0.01000
6.11000 0.09850 0.01723 0.09850 0.01723 0.00030 0.00970 0.01000
6.12000 0.09867 0.01625 0.09867 0.01625 0.00026 0.00974 0.01000
6.13000 0.09883 0.01526 0.09883 0.01526 0.00023 0.00977 0.01000
6.14000 0.09898 0.01427 0.09898 0.01427 0.00020 0.00980 0.01000
6.15000 0.09911 0.01328 0.09911 0.01328 0.00018 0.00982 0.01000
6.16000 0.09924 0.01229 0.09924 0.01229 0.00015 0.00985 0.01000
6.17000 0.09936 0.01129 0.09936 0.01129 0.00013 0.00987 0.01000
6.18000 0.09947 0.01030 0.09947 0.01030 0.00011 0.00989 0.01000
6.19000 0.09957 0.00931 0.09957 0.00931 0.00009 0.00991 0.01000
6.20000 0.09965 0.00831 0.09965 0.00831 0.00007 0.00993 0.01000
6.21000 0.09973 0.00731 0.09973 0.00731 0.00005 0.00995 0.01000
6.22000 0.09980 0.00631 0.09980 0.00631 0.00004 0.00996 0.01000
6.23000 0.09986 0.00532 0.09986 0.00532 0.00003 0.00997 0.01000
6.24000 0.09991 0.00432 0.09991 0.00432 0.00002 0.00998 0.01000
6.25000 0.09994 0.00332 0.09994 0.00332 0.00001 0.00999 0.01000
6.26000 0.09997 0.00232 0.09997 0.00232 0.00001 0.00999 0.01000
6.27000 0.09999 0.00132 0.09999 0.00132 0.00000 0.01000 0.01000
6.28000 0.10000 0.00032 0.10000 0.00032 0.00000 0.01000 0.01000
6.29000 0.10000 -0.00068 0.10000 -0.00068 0.00000 0.01000 0.01000
6.30000 0.09999 -0.00168 0.09999 -0.00168 0.00000 0.01000 0.01000
6.31000 0.09996 -0.00268 0.09996 -0.00268 0.00001 0.00999 0.01000
6.32000 0.09993 -0.00368 0.09993 -0.00368 0.00001 0.00999 0.01000
6.33000 0.09989 -0.00468 0.09989 -0.00468 0.00002 0.00998 0.01000
6.34000 0.09984 -0.00568 0.09984 -0.00568 0.00003 0.00997 0.01000
6.35000 0.09978 -0.00668 0.09978 -0.00668 0.00004 0.00996 0.01000
6.36000 0.09971 -0.00767 0.09971 -0.00767 0.00006 0.00994 0.01000
6.37000 0.09962 -0.00867 0.09962 -0.00867 0.00008 0.00992 0.01000
6.38000 0.09953 -0.00967 0.09953 -0.00967 0.00009 0.00991 0.01000
6.39000 0.09943 -0.01066 0.09943 -0.01066 0.00011 0.00989 0.01000
6.40000 0.09932 -0.01165 0.09932 -0.01165 0.00014 0.00986 0.01000
6.41000 0.09920 -0.01265 0.09920 -0.01265 0.00016 0.00984 0.01000
6.42000 0.09907 -0.01364 0.09907 -0.01364 0.00019 0.00981 0.01000
6.43000 0.09892 -0.01463 0.09892 -0.01463 0.00021 0.00979 0.01000
6.44000 0.09877 -0.01562 0.09877 -0.01562 0.00024 0.00976 0.01000
6.45000 0.09861 -0.01660 0.09861 -0.01660 0.00028 0.00972 0.01000
6.46000 0.09844 -0.01759 0.09844 -0.01759 0.00031 0.00969 0.01000
6.47000 0.09826 -0.01857 0.09826 -0.01857 0.00034 0.00966 0.01000
6.48000 0.09807 -0.01955 0.09807 -0.01955 0.00038 0.00962 0.01000
6.49000 0.09787 -0.02053 0.09787 -0.02053 0.00042 0.00958 0.01000
6.50000 0.09766 -0.02151 0.09766 -0.02151 0.00046 0.00954 0.01000
6.51000 0.09744 -0.02249 0.09744 -0.02249 0.00051 0.00949 0.01000
6.52000 0.09721 -0.02346 0.09721 -0.02346 0.00055 0.00945 0.01000
6.53000 0.09697 -0.02443 0.09697 -0.02443 0.00060 0.00940 0.01000
6.54000 0.09672 -0.02540 0.09672 -0.02540 0.00065 0.00935 0.01000
6.55000 0.09646 -0.02637 0.09646 -0.02637 0.00070 0.00930 0.01000
6.56000 0.09619 -0.02733 0.09619 -0.02733 0.00075 0.00925 0.01000
6.57000 0.09591 -0.02829 0.09591 -0.02829 0.00080 0.00920 0.01000
6.58000 0.09563 -0.02925 0.09563 -0.02925 0.00086 0.00914 0.01000
6.59000 0.09533 -0.03020 0.09533 -0.03020 0.00091 0.00909 0.01000
6.60000 0.09502 -0.03115 0.09502 -0.03115 0.00097 0.00903 0.01000
6.61000 0.09471 -0.03210 0.09471 -0.03210 0.00103 0.00897 0.01000
6.62000 0.09438 -0.03305 0.09438 -0.03305 0.00109 0.00891 0.01000
6.63000 0.09405 -0.03399 0.09405 -0.03399 0.00116 0.00884 0.01000
6.64000 0.09370 -0.03493 0.09370 -0.03493 0.00122 0.00878 0.01000
6.65000 0.09335 -0.03586 0.09335 -0.03586 0.00129 0.00871 0.01000
6.66000 0.09298 -0.03680 0.09298 -0.03680 0.00135 0.00865 0.01000
6.67000 0.09261 -0.03772 0.09261 -0.03772 0.00142 0.00858 0.01000
6.68000 0.09223 -0.03865 0.09223 -0.03865 0.00149 0.00851 0.01000
6.69000 0.09184 -0.03957 0.09184 -0.03957 0.00157 0.00843 0.01000
6.70000 0.09144 -0.04048 0.09144 -0.04048 0.00164 0.00836 0.01000
6.71000 0.09103 -0.04140 0.09103 -0.04140 0.00171 0.00829 0.01000
6.72000 0.09061 -0.04231 0.09061 -0.04231 0.00179 0.00821 0.01000
6.73000 0.09018 -0.04321 0.09018 -0.04321 0.00187 0.00813 0.01000
6.74000 0.08975 -0.04411 0.08975 -0.04411 0.00195 0.00805 0.01000
6.75000 0.08930 -0.04500 0.08930 -0.04500 0.00203 0.00797 0.01000
6.76000 0.08885 -0.04590 0.08885 -0.04590 0.00211 0.00789 0.01000
6.77000 0.08838 -0.04678 0.08838 -0.04678 0.00219 0.00781 0.01000
6.78000 0.08791 -0.04766 0.08791 -0.04766 0.00227 0.00773 0.01000
6.79000 0.08743 -0.04854 0.08743 -0.04854 0.00236 0.00764 0.01000
6.80000 0.08694 -0.04941 0.08694 -0.04941 0.00244 0.00756 0.01000
6.81000 0.08644 -0.05028 0.08644 -0.05028 0.00253 0.00747 0.01000
6.82000 0.08593 -0.05114 0.08593 -0.05114 0.00262 0.00738 0.01000
6.83000 0.08542 -0.05200 0.08542 -0.05200 0.00270 0.00730 0.01000
6.84000 0.08489 -0.05285 0.08489 -0.05285 0.00279 0.00721 0.01000
6.85000 0.08436 -0.05369 0.08436 -0.05369 0.00288 0.00712 0.01000
6.86000 0.08382 -0.05454 0.08382 -0.05454 0.00297 0.00703 0.01000
6.87000 0.08327 -0.05537 0.08327 -0.05537 0.00307 0.00693 0.01000
6.88000 0.08271 -0.05620 0.08271 -0.05620 0.00316 0.00684 0.01000
6.89000 0.08215 -0.05703 0.08215 -0.05703 0.00325 0.00675 0.01000
6.90000 0.08157 -0.05784 0.08157 -0.05784 0.00335 0.00665 0.01000
6.91000 0.08099 -0.05866 0.08099 -0.05866 0.00344 0.00656 0.01000
6.92000 0.08040 -0.05946 0.08040 -0.05946 0.00354 0.00646 0.01000
6.93000 0.07980 -0.06026 0.07980 -0.06026 0.00363 0.00637 0.01000
6.94000 0.07919 -0.06106 0.07919 -0.06106 0.00373 0.00627 0.01000
6.95000 0.07858 -0.06185 0.07858 -0.06185 0.00383 0.00617 0.01000
6.96000 0.07796 -0.06263 0.07796 -0.06263 0.00392 0.00608 0.01000
6.97000 0.07733 -0.06341 0.07733 -0.06341 0.00402 0.00598 0.01000
6.98000 0.07669 -0.06418 0.07669 -0.06418 0.00412 0.00588 0.01000
6.99000 0.07604 -0.06494 0.07604 -0.06494 0.00422 0.00578 0.01000
7.00000 0.07539 -0.06570 0.07539 -0.06570 0.00432 0.00568 0.01000
7.01000 0.07473 -0.06645 0.07473 -0.06645 0.00442 0.00558 0.01000
7.02000 0.07406 -0.06719 0.07406 -0.06719 0.00451 0.00549 0.01000
7.03000 0.07339 -0.06793 0.07339 -0.06793 0.00461 0.00539 0.01000
7.04000 0.07270 -0.06866 0.07270 -0.06866 0.00471 0.00529 0.01000
7.05000 0.07201 -0.06938 0.07201 -0.06938 0.00481 0.00519 0.01000
7.06000 0.07132 -0.07010 0.07132 -0.07010 0.00491 0.00509 0.01000
7.07000 0.07061 -0.07081 0.07061 -0.07081 0.00501 0.00499 0.01000
7.08000 0.06990 -0.07151 0.06990 -0.07151 0.00511 0.00489 0.01000
7.09000 0.06918 -0.07221 0.06918 -0.07221 0.00521 0.00479 0.01000
7.10000 0.06845 -0.07290 0.06845 -0.07290 0.00531 0.00469 0.01000
7.11000 0.06772 -0.07358 0.06772 -0.07358 0.00541 0.00459 0.01000
7.12000 0.06698 -0.07425 0.06698 -0.07425 0.00551 0.00449 0.01000
7.13000 0.06624 -0.07492 0.06624 -0.07492 0.00561 0.00439 0.01000
7.14000 0.06548 -0.07558 0.06548 -0.07558 0.00571 0.00429 0.01000
7.15000 0.06473 -0.07623 0.06473 -0.07623 0.00581 0.00419 0.01000
7.16000 0.06396 -0.07687 0.06396 -0.07687 0.00591 0.00409 0.01000
7.17000 0.06319 -0.07751 0.06319 -0.07751 0.00601 0.00399 0.01000
7.18000 0.06241 -0.07813 0.06241 -0.07813 0.00610 0.00390 0.01000
7.19000 0.06163 -0.07875 0.06163 -0.07875 0.00620 0.00380 0.01000
7.20000 0.06084 -0.07937 0.06084 -0.07937 0.00630 0.00370 0.01000
7.21000 0.06004 -0.07997 0.06004 -0.07997 0.00640 0.00360 0.01000
7.22000 0.05924 -0.08057 0.05924 -0.08057 0.00649 0.00351 0.01000
7.23000 0.05843 -0.08116 0.05843 -0.08116 0.00659 0.00341 0.01000
7.24000 0.05761 -0.08174 0.05761 -0.08174 0.00668 0.00332 0.01000
7.25000 0.05679 -0.08231 0.05679 -0.08231 0.00677 0.00323 0.01000
7.26000 0.05597 -0.08287 0.05597 -0.08287 0.00687 0.00313 0.01000
7.27000 0.05514 -0.08343 0.05514 -0.08343 0.00696 0.00304 0.01000
7.28000 0.05430 -0.08397 0.05430 -0.08397 0.00705 0.00295 0.01000
7.29000 0.05346 -0.08451 0.05346 -0.08451 0.00714 0.00286 0.01000
7.30000 0.05261 -0.08504 0.05261 -0.08504 0.00723 0.00277 0.01000
7.31000 0.05175 -0.08557 0.05175 -0.08557 0.00732 0.00268 0.01000
7.32000 0.05090 -0.08608 0.05090 -0.08608 0.00741 0.00259 0.01000
7.33000 0.05003 -0.08658 0.05003 -0.08658 0.00750 0.00250 0.01000
7.34000 0.04916 -0.08708 0.04916 -0.08708 0.00758 0.00242 0.01000
7.35000 0.04829 -0.08757 0.04829 -0.08757 0.00767 0.00233 0.01000
7.36000 0.04741 -0.08805 0.04741 -0.08805 0.00775 0.00225 0.01000
7.37000 0.04653 -0.08851 0.04653 -0.08851 0.00783 0.00217 0.01000
7.38000 0.04564 -0.08898 0.04564 -0.08898 0.00792 0.00208 0.01000
7.39000 0.04475 -0.08943 0.04475 -0.08943 0.00800 0.00200 0.01000
7.40000 0.04385 -0.08987 0.04385 -0.08987 0.00808 0.00192 0.01000
7.41000 0.04295 -0.09030 0.04295 -0.09030 0.00815 0.00185 0.01000
7.42000 0.04205 -0.09073 0.04205 -0.09073 0.00823 0.00177 0.01000
7.43000 0.04114 -0.09115 0.04114 -0.09115 0.00831 0.00169 0.01000
7.44000 0.04023 -0.09155 0.04023 -0.09155 0.00838 0.00162 0.01000
7.45000 0.03931 -0.09195 0.03931 -0.09195 0.00845 0.00155 0.01000
7.46000 0.03839 -0.09234 0.03839 -0.09234 0.00853 0.00147 0.01000
7.47000 0.03746 -0.09272 0.03746 -0.09272 0.00860 0.00140 0.01000
7.48000 0.03653 -0.09309 0.03653 -0.09309 0.00867 0.00133 0.01000
7.49000 0.03560 -0.09345 0.03560 -0.09345 0.00873 0.00127 0.01000
7.50000 0.03466 -0.09380 0.03466 -0.09380 0.00880 0.00120 0.01000
7.51000 0.03372 -0.09414 0.03372 -0.09414 0.00886 0.00114 0.01000
7.52000 0.03278 -0.09447 0.03278 -0.09447 0.00893 0.00107 0.01000
7.53000 0.03183 -0.09480 0.03183 -0.09480 0.00899 0.00101 0.01000
7.54000 0.03088 -0.09511 0.03088 -0.09511 0.00905 0.00095 0.01000
7.55000 0.02993 -0.09542 0.02993 -0.09542 0.00910 0.00090 0.01000
7.56000 0.02898 -0.09571 0.02898 -0.09571 0.00916 0.00084 0.01000
7.57000 0.02802 -0.09599 0.02802 -0.09599 0.00921 0.00079 0.01000
7.58000 0.02706 -0.09627 0.02706 -0.09627 0.00927 0.00073 0.01000
7.59000 0.02609 -0.09654 0.02609 -0.09654 0.00932 0.00068 0.01000
7.60000 0.02513 -0.09679 0.02513 -0.09679 0.00937 0.00063 0.01000
7.61000 0.02416 -0.09704 0.02416 -0.09704 0.00942 0.00058 0.01000
7.62000 0.02319 -0.09728 0.02319 -0.09728 0.00946 0.00054 0.01000
7.63000 0.02221 -0.09750 0.02221 -0.09750 0.00951 0.00049 0.01000
7.64000 0.02124 -0.09772 0.02124 -0.09772 0.00955 0.00045 0.01000
7.65000 0.02026 -0.09793 0.02026 -0.09793 0.00959 0.00041 0.01000
7.66000 0.01928 -0.09812 0.01928 -0.09812 0.00963 0.00037 0.01000
7.67000 0.01829 -0.09831 0.01829 -0.09831 0.00967 0.00033 0.01000
7.68000 0.01731 -0.09849 0.01731 -0.09849 0.00970 0.00030 0.01000
7.69000 0.01632 -0.09866 0.01632 -0.09866 0.00973 0.00027 0.01000
7.70000 0.01534 -0.09882 0.01534 -0.09882 0.00976 0.00024 0.01000
7.71000 0.01435 -0.09897 0.01435 -0.09897 0.00979 0.00021 0.01000
7.72000 0.01336 -0.09910 0.01336 -0.09910 0.00982 0.00018 0.01000
7.73000 0.01237 -0.09923 0.01237 -0.09923 0.00985 0.00015 0.01000
7.74000 0.01137 -0.09935 0.01137 -0.09935 0.00987 0.00013 0.01000
7.75000 0.01038 -0.09946 0.01038 -0.09946 0.00989 0.00011 0.01000
7.76000 0.00938 -0.09956 0.00938 -0.09956 0.00991 0.00009 0.01000
7.77000 0.00839 -0.09965 0.00839 -0.09965 0.00993 0.00007 0.01000
7.78000 0.00739 -0.09973 0.00739 -0.09973 0.00995 0.00005 0.01000
7.79000 0.00639 -0.09980 0.00639 -0.09980 0.00996 0.00004 0.01000
7.80000 0.00540 -0.09985 0.00540 -0.09985 0.00997 0.00003 0.01000
7.81000 0.00440 -0.09990 0.00440 -0.09990 0.00998 0.00002 0.01000
7.82000 0.00340 -0.09994 0.00340 -0.09994 0.00999 0.00001 0.01000
7.83000 0.00240 -0.09997 0.00240 -0.09997 0.00999 0.00001 0.01000
7.84000 0.00140 -0.09999 0.00140 -0.09999 0.01000 0.00000 0.01000
7.85000 0.00040 -0.10000 0.00040 -0.10000 0.01000 0.00000 0.01000
7.86000 -0.00060 -0.10000 -0.00060 -0.10000 0.01000 0.00000 0.01000
7.87000 -0.00160 -0.09999 -0.00160 -0.09999 0.01000 0.00000 0.01000
7.88000 -0.00260 -0.09997 -0.00260 -0.09997 0.00999 0.00001 0.01000
7.89000 -0.00360 -0.09994 -0.00360 -0.09994 0.00999 0.00001 0.01000
7.90000 -0.00460 -0.09989 -0.00460 -0.09989 0.00998 0.00002 0.01000
7.91000 -0.00560 -0.09984 -0.00560 -0.09984 0.00997 0.00003 0.01000
7.92000 -0.00660 -0.09978 -0.00660 -0.09978 0.00996 0.00004 0.01000
7.93000 -0.00759 -0.09971 -0.00759 -0.09971 0.00994 0.00006 0.01000
7.94000 -0.00859 -0.09963 -0.00859 -0.09963 0.00993 0.00007 0.01000
7.95000 -0.00959 -0.09954 -0.00959 -0.09954 0.00991 0.00009 0.01000
7.96000 -0.01058 -0.09944 -0.01058 -0.09944 0.00989 0.00011 0.01000
7.97000 -0.01158 -0.09933 -0.01158 -0.09933 0.00987 0.00013 0.01000
7.98000 -0.01257 -0.09921 -0.01257 -0.09921 0.00984 0.00016 0.01000
7.99000 -0.01356 -0.09908 -0.01356 -0.09908 0.00982 0.00018 0.01000
8.00000 -0.01455 -0.09894 -0.01455 -0.09894 0.00979 0.00021 0.01000
8.01000 -0.01554 -0.09879 -0.01554 -0.09879 0.00976 0.00024 0.01000
8.02000 -0.01653 -0.09863 -0.01653 -0.09863 0.00973 0.00027 0.01000
8.03000 -0.01751 -0.09845 -0.01751 -0.09845 0.00969 0.00031 0.01000
8.04000 -0.01849 -0.09827 -0.01849 -0.09827 0.00966 0.00034 0.01000
8.05000 -0.01948 -0.09808 -0.01948 -0.09808 0.00962 0.00038 0.01000
8.06000 -0.02046 -0.09789 -0.02046 -0.09789 0.00958 0.00042 0.01000
8.07000 -0.02143 -0.09768 -0.02143 -0.09768 0.00954 0.00046 0.01000
8.08000 -0.02241 -0.09746 -0.02241 -0.09746 0.00950 0.00050 0.01000
8.09000 -0.02338 -0.09723 -0.02338 -0.09723 0.00945 0.00055 0.01000
8.10000 -0.02435 -0.09699 -0.02435 -0.09699 0.00941 0.00059 0.01000
8.11000 -0.02532 -0.09674 -0.02532 -0.09674 0.00936 0.00064 0.01000
8.12000 -0.02629 -0.09648 -0.02629 -0.09648 0.00931 0.00069 0.01000
8.13000 -0.02725 -0.09621 -0.02725 -0.09621 0.00926 0.00074 0.01000
8.14000 -0.02821 -0.09594 -0.02821 -0.09594 0.00920 0.00080 0.01000
8.15000 -0.02917 -0.09565 -0.02917 -0.09565 0.00915 0.00085 0.01000
8.16000 -0.03013 -0.09535 -0.03013 -0.09535 0.00909 0.00091 0.01000
8.17000 -0.03108 -0.09505 -0.03108 -0.09505 0.00903 0.00097 0.01000
8.18000 -0.03203 -0.09473 -0.03203 -0.09473 0.00897 0.00103 0.01000
8.19000 -0.03297 -0.09441 -0.03297 -0.09441 0.00891 0.00109 0.01000
8.20000 -0.03392 -0.09407 -0.03392 -0.09407 0.00885 0.00115 0.01000
8.21000 -0.03485 -0.09373 -0.03485 -0.09373 0.00879 0.00121 0.01000
8.22000 -0.03579 -0.09338 -0.03579 -0.09338 0.00872 0.00128 0.01000
8.23000 -0.03672 -0.09301 -0.03672 -0.09301 0.00865 0.00135 0.01000
8.24000 -0.03765 -0.09264 -0.03765 -0.09264 0.00858 0.00142 0.01000
8.25000 -0.03857 -0.09226 -0.03857 -0.09226 0.00851 0.00149 0.01000
8.26000 -0.03950 -0.09187 -0.03950 -0.09187 0.00844 0.00156 0.01000
8.27000 -0.04041 -0.09147 -0.04041 -0.09147 0.00837 0.00163 0.01000
8.28000 -0.04132 -0.09106 -0.04132 -0.09106 0.00829 0.00171 0.01000
8.29000 -0.04223 -0.09064 -0.04223 -0.09064 0.00822 0.00178 0.01000
8.30000 -0.04314 -0.09022 -0.04314 -0.09022 0.00814 0.00186 0.01000
8.31000 -0.04404 -0.08978 -0.04404 -0.08978 0.00806 0.00194 0.01000
8.32000 -0.04493 -0.08934 -0.04493 -0.08934 0.00798 0.00202 0.01000
8.33000 -0.04582 -0.08888 -0.04582 -0.08888 0.00790 0.00210 0.01000
8.34000 -0.04671 -0.08842 -0.04671 -0.08842 0.00782 0.00218 0.01000
8.35000 -0.04759 -0.08795 -0.04759 -0.08795 0.00773 0.00227 0.01000
8.36000 -0.04847 -0.08747 -0.04847 -0.08747 0.00765 0.00235 0.01000
8.37000 -0.04934 -0.08698 -0.04934 -0.08698 0.00757 0.00243 0.01000
8.38000 -0.05021 -0.08648 -0.05021 -0.08648 0.00748 0.00252 0.01000
8.39000 -0.05107 -0.08597 -0.05107 -0.08597 0.00739 0.00261 0.01000
8.40000 -0.05193 -0.08546 -0.05193 -0.08546 0.00730 0.00270 0.01000
8.41000 -0.05278 -0.08494 -0.05278 -0.08494 0.00721 0.00279 0.01000
8.42000 -0.05363 -0.08440 -0.05363 -0.08440 0.00712 0.00288 0.01000
8.43000 -0.05447 -0.08386 -0.05447 -0.08386 0.00703 0.00297 0.01000
8.44000 -0.05530 -0.08331 -0.05530 -0.08331 0.00694 0.00306 0.01000
8.45000 -0.05614 -0.08276 -0.05614 -0.08276 0.00685 0.00315 0.01000
8.46000 -0.05696 -0.08219 -0.05696 -0.08219 0.00676 0.00324 0.01000
8.47000 -0.05778 -0.08162 -0.05778 -0.08162 0.00666 0.00334 0.01000
8.48000 -0.05859 -0.08104 -0.05859 -0.08104 0.00657 0.00343 0.01000
8.49000 -0.05940 -0.08045 -0.05940 -0.08045 0.00647 0.00353 0.01000
8.50000 -0.06020 -0.07985 -0.06020 -0.07985 0.00638 0.00362 0.01000
8.51000 -0.06100 -0.07924 -0.06100 -0.07924 0.00628 0.00372 0.01000
8.52000 -0.06179 -0.07863 -0.06179 -0.07863 0.00618 0.00382 0.01000
8.53000 -0.06257 -0.07801 -0.06257 -0.07801 0.00609 0.00391 0.01000
8.54000 -0.06335 -0.07738 -0.06335 -0.07738 0.00599 0.00401 0.01000
8.55000 -0.06412 -0.07674 -0.06412 -0.07674 0.00589 0.00411 0.01000
8.56000 -0.06488 -0.07610 -0.06488 -0.07610 0.00579 0.00421 0.01000
8.57000 -0.06564 -0.07544 -0.06564 -0.07544 0.00569 0.00431 0.01000
8.58000 -0.06639 -0.07478 -0.06639 -0.07478 0.00559 0.00441 0.01000
8.59000 -0.06713 -0.07411 -0.06713 -0.07411 0.00549 0.00451 0.01000
8.60000 -0.06787 -0.07344 -0.06787 -0.07344 0.00539 0.00461 0.01000
8.61000 -0.06860 -0.07276 -0.06860 -0.07276 0.00529 0.00471 0.01000
8.62000 -0.06933 -0.07207 -0.06933 -0.07207 0.00519 0.00481 0.01000
8.63000 -0.07004 -0.07137 -0.07004 -0.07137 0.00509 0.00491 0.01000
8.64000 -0.07075 -0.07067 -0.07075 -0.07067 0.00499 0.00501 0.01000
8.65000 -0.07146 -0.06996 -0.07146 -0.06996 0.00489 0.00511 0.01000
8.66000 -0.07215 -0.06924 -0.07215 -0.06924 0.00479 0.00521 0.01000
8.67000 -0.07284 -0.06851 -0.07284 -0.06851 0.00469 0.00531 0.01000
8.68000 -0.07352 -0.06778 -0.07352 -0.06778 0.00459 0.00541 0.01000
8.69000 -0.07420 -0.06704 -0.07420 -0.06704 0.00449 0.00551 0.01000
8.70000 -0.07486 -0.06630 -0.07486 -0.06630 0.00440 0.00560 0.01000
8.71000 -0.07552 -0.06554 -0.07552 -0.06554 0.00430 0.00570 0.01000
8.72000 -0.07618 -0.06479 -0.07618 -0.06479 0.00420 0.00580 0.01000
8.73000 -0.07682 -0.06402 -0.07682 -0.06402 0.00410 0.00590 0.01000
8.74000 -0.07746 -0.06325 -0.07746 -0.06325 0.00400 0.00600 0.01000
8.75000 -0.07808 -0.06247 -0.07808 -0.06247 0.00390 0.00610 0.01000
8.76000 -0.07871 -0.06169 -0.07871 -0.06169 0.00381 0.00619 0.01000
8.77000 -0.07932 -0.06090 -0.07932 -0.06090 0.00371 0.00629 0.01000
8.78000 -0.07992 -0.06010 -0.07992 -0.06010 0.00361 0.00639 0.01000
8.79000 -0.08052 -0.05930 -0.08052 -0.05930 0.00352 0.00648 0.01000
8.80000 -0.08111 -0.05849 -0.08111 -0.05849 0.00342 0.00658 0.01000
8.81000 -0.08169 -0.05768 -0.08169 -0.05768 0.00333 0.00667 0.01000
8.82000 -0.08226 -0.05686 -0.08226 -0.05686 0.00323 0.00677 0.01000
8.83000 -0.08283 -0.05603 -0.08283 -0.05603 0.00314 0.00686 0.01000
8.84000 -0.08338 -0.05520 -0.08338 -0.05520 0.00305 0.00695 0.01000
8.85000 -0.08393 -0.05436 -0.08393 -0.05436 0.00296 0.00704 0.01000
8.86000 -0.08447 -0.05352 -0.08447 -0.05352 0.00286 0.00714 0.01000
8.87000 -0.08500 -0.05268 -0.08500 -0.05268 0.00277 0.00723 0.01000
8.88000 -0.08552 -0.05182 -0.08552 -0.05182 0.00269 0.00731 0.01000
8.89000 -0.08604 -0.05097 -0.08604 -0.05097 0.00260 0.00740 0.01000
8.90000 -0.08654 -0.05010 -0.08654 -0.05010 0.00251 0.00749 0.01000
8.91000 -0.08704 -0.04923 -0.08704 -0.04923 0.00242 0.00758 0.01000
8.92000 -0.08753 -0.04836 -0.08753 -0.04836 0.00234 0.00766 0.01000
8.93000 -0.08801 -0.04748 -0.08801 -0.04748 0.00225 0.00775 0.01000
8.94000 -0.08848 -0.04660 -0.08848 -0.04660 0.00217 0.00783 0.01000
8.95000 -0.08894 -0.04571 -0.08894 -0.04571 0.00209 0.00791 0.01000
8.96000 -0.08939 -0.04482 -0.08939 -0.04482 0.00201 0.00799 0.01000
8.97000 -0.08984 -0.04393 -0.08984 -0.04393 0.00193 0.00807 0.01000
8.98000 -0.09027 -0.04303 -0.09027 -0.04303 0.00185 0.00815 0.01000
8.99000 -0.09070 -0.04212 -0.09070 -0.04212 0.00177 0.00823 0.01000
9.00000 -0.09111 -0.04121 -0.09111 -0.04121 0.00170 0.00830 0.01000
9.01000 -0.09152 -0.04030 -0.09152 -0.04030 0.00162 0.00838 0.01000
9.02000 -0.09192 -0.03938 -0.09192 -0.03938 0.00155 0.00845 0.01000
9.03000 -0.09231 -0.03846 -0.09231 -0.03846 0.00148 0.00852 0.01000
9.04000 -0.09269 -0.03754 -0.09269 -0.03754 0.00141 0.00859 0.01000
9.05000 -0.09306 -0.03661 -0.09306 -0.03661 0.00134 0.00866 0.01000
9.06000 -0.09342 -0.03567 -0.09342 -0.03567 0.00127 0.00873 0.01000
9.07000 -0.09377 -0.03474 -0.09377 -0.03474 0.00121 0.00879 0.01000
9.08000 -0.09412 -0.03380 -0.09412 -0.03380 0.00114 0.00886 0.01000
9.09000 -0.09445 -0.03286 -0.09445 -0.03286 0.00108 0.00892 0.01000
9.10000 -0.09477 -0.03191 -0.09477 -0.03191 0.00102 0.00898 0.01000
9.11000 -0.09509 -0.03096 -0.09509 -0.03096 0.00096 0.00904 0.01000
9.12000 -0.09539 -0.03001 -0.09539 -0.03001 0.00090 0.00910 0.01000
9.13000 -0.09569 -0.02905 -0.09569 -0.02905 0.00084 0.00916 0.01000
9.14000 -0.09597 -0.02809 -0.09597 -0.02809 0.00079 0.00921 0.01000
9.15000 -0.09625 -0.02713 -0.09625 -0.02713 0.00074 0.00926 0.01000
9.16000 -0.09652 -0.02617 -0.09652 -0.02617 0.00068 0.00932 0.01000
9.17000 -0.09677 -0.02520 -0.09677 -0.02520 0.00064 0.00936 0.01000
9.18000 -0.09702 -0.02423 -0.09702 -0.02423 0.00059 0.00941 0.01000
9.19000 -0.09726 -0.02326 -0.09726 -0.02326 0.00054 0.00946 0.01000
9.20000 -0.09748 -0.02229 -0.09748 -0.02229 0.00050 0.00950 0.01000
9.21000 -0.09770 -0.02131 -0.09770 -0.02131 0.00045 0.00955 0.01000
9.22000 -0.09791 -0.02033 -0.09791 -0.02033 0.00041 0.00959 0.01000
9.23000 -0.09811 -0.01935 -0.09811 -0.01935 0.00037 0.00963 0.01000
9.24000 -0.09830 -0.01837 -0.09830 -0.01837 0.00034 0.00966 0.01000
9.25000 -0.09848 -0.01739 -0.09848 -0.01739 0.00030 0.00970 0.01000
9.26000 -0.09865 -0.01640 -0.09865 -0.01640 0.00027 0.00973 0.01000
9.27000 -0.09880 -0.01542 -0.09880 -0.01542 0.00024 0.00976 0.01000
9.28000 -0.09895 -0.01443 -0.09895 -0.01443 0.00021 0.00979 0.01000
9.29000 -0.09909 -0.01344 -0.09909 -0.01344 0.00018 0.00982 0.01000
9.30000 -0.09922 -0.01245 -0.09922 -0.01245 0.00015 0.00985 0.01000
9.31000 -0.09934 -0.01145 -0.09934 -0.01145 0.00013 0.00987 0.01000
9.32000 -0.09945 -0.01046 -0.09945 -0.01046 0.00011 0.00989 0.01000
9.33000 -0.09955 -0.00946 -0.09955 -0.00946 0.00009 0.00991 0.01000
9.34000 -0.09964 -0.00847 -0.09964 -0.00847 0.00007 0.00993 0.01000
9.35000 -0.09972 -0.00747 -0.09972 -0.00747 0.00006 0.00994 0.01000
9.36000 -0.09979 -0.00647 -0.09979 -0.00647 0.00004 0.00996 0.01000
9.37000 -0.09985 -0.00548 -0.09985 -0.00548 0.00003 0.00997 0.01000
9.38000 -0.09990 -0.00448 -0.09990 -0.00448 0.00002 0.00998 0.01000
9.39000 -0.09994 -0.00348 -0.09994 -0.00348 0.00001 0.00999 0.01000
9.40000 -0.09997 -0.00248 -0.09997 -0.00248 0.00001 0.00999 0.01000
9.41000 -0.09999 -0.00148 -0.09999 -0.00148 0.00000 0.01000 0.01000
9.42000 -0.10000 -0.00048 -0.10000 -0.00048 0.00000 0.01000 0.01000
9.43000 -0.10000 0.00052 -0.10000 0.00052 0.00000 0.01000 0.01000
9.44000 -0.09999 0.00152 -0.09999 0.00152 0.00000 0.01000 0.01000
9.45000 -0.09997 0.00252 -0.09997 0.00252 0.00001 0.00999 0.01000
9.46000 -0.09994 0.00352 -0.09994 0.00352 0.00001 0.00999 0.01000
9.47000 -0.09990 0.00452 -0.09990 0.00452 0.00002 0.00998 0.01000
9.48000 -0.09985 0.00552 -0.09985 0.00552 0.00003 0.00997 0.01000
9.49000 -0.09979 0.00652 -0.09979 0.00652 0.00004 0.00996 0.01000
9.50000 -0.09972 0.00752 -0.09972 0.00752 0.00006 0.00994 0.01000
9.51000 -0.09964 0.00851 -0.09964 0.00851 0.00007 0.00993 0.01000
9.52000 -0.09955 0.00951 -0.09955 0.00951 0.00009 0.00991 0.01000
9.53000 -0.09945 0.01050 -0.09945 0.01050 0.00011 0.00989 0.01000
9.54000 -0.09934 0.01150 -0.09934 0.01150 0.00013 0.00987 0.01000
9.55000 -0.09922 0.01249 -0.09922 0.01249 0.00016 0.00984 0.01000
9.56000 -0.09909 0.01348 -0.09909 0.01348 0.00018 0.00982 0.01000
9.57000 -0.09895 0.01447 -0.09895 0.01447 0.00021 0.00979 0.01000
9.58000 -0.09880 0.01546 -0.09880 0.01546 0.00024 0.00976 0.01000
9.59000 -0.09864 0.01645 -0.09864 0.01645 0.00027 0.00973 0.01000
9.60000 -0.09847 0.01743 -0.09847 0.01743 0.00030 0.00970 0.01000
9.61000 -0.09829 0.01842 -0.09829 0.01842 0.00034 0.00966 0.01000
9.62000 -0.09810 0.01940 -0.09810 0.01940 0.00038 0.00962 0.01000
9.63000 -0.09790 0.02038 -0.09790 0.02038 0.00042 0.00958 0.01000
9.64000 -0.09769 0.02136 -0.09769 0.02136 0.00046 0.00954 0.01000
9.65000 -0.09747 0.02233 -0.09747 0.02233 0.00050 0.00950 0.01000
9.66000 -0.09725 0.02331 -0.09725 0.02331 0.00054 0.00946 0.01000
9.67000 -0.09701 0.02428 -0.09701 0.02428 0.00059 0.00941 0.01000
9.68000 -0.09676 0.02525 -0.09676 0.02525 0.00064 0.00936 0.01000
9.69000 -0.09650 0.02621 -0.09650 0.02621 0.00069 0.00931 0.01000
9.70000 -0.09624 0.02718 -0.09624 0.02718 0.00074 0.00926 0.01000
9.71000 -0.09596 0.02814 -0.09596 0.02814 0.00079 0.00921 0.01000
9.72000 -0.09567 0.02910 -0.09567 0.02910 0.00085 0.00915 0.01000
9.73000 -0.09538 0.03005 -0.09538 0.03005 0.00090 0.00910 0.01000
9.74000 -0.09507 0.03100 -0.09507 0.03100 0.00096 0.00904 0.01000
9.75000 -0.09476 0.03195 -0.09476 0.03195 0.00102 0.00898 0.01000
9.76000 -0.09443 0.03290 -0.09443 0.03290 0.00108 0.00892 0.01000
9.77000 -0.09410 0.03384 -0.09410 0.03384 0.00115 0.00885 0.01000
9.78000 -0.09376 0.03478 -0.09376 0.03478 0.00121 0.00879 0.01000
9.79000 -0.09340 0.03572 -0.09340 0.03572 0.00128 0.00872 0.01000
9.80000 -0.09304 0.03665 -0.09304 0.03665 0.00134 0.00866 0.01000
9.81000 -0.09267 0.03758 -0.09267 0.03758 0.00141 0.00859 0.01000
9.82000 -0.09229 0.03850 -0.09229 0.03850 0.00148 0.00852 0.01000
9.83000 -0.09190 0.03942 -0.09190 0.03942 0.00155 0.00845 0.01000
9.84000 -0.09150 0.04034 -0.09150 0.04034 0.00163 0.00837 0.01000
9.85000 -0.09109 0.04125 -0.09109 0.04125 0.00170 0.00830 0.01000
9.86000 -0.09068 0.04216 -0.09068 0.04216 0.00178 0.00822 0.01000
9.87000 -0.09025 0.04307 -0.09025 0.04307 0.00185 0.00815 0.01000
9.88000 -0.08982 0.04397 -0.08982 0.04397 0.00193 0.00807 0.01000
9.89000 -0.08937 0.04486 -0.08937 0.04486 0.00201 0.00799 0.01000
9.90000 -0.08892 0.04575 -0.08892 0.04575 0.00209 0.00791 0.01000
9.91000 -0.08846 0.04664 -0.08846 0.04664 0.00218 0.00782 0.01000
9.92000 -0.08799 0.04752 -0.08799 0.04752 0.00226 0.00774 0.01000
9.93000 -0.08751 0.04840 -0.08751 0.04840 0.00234 0.00766 0.01000
9.94000 -0.08702 0.04927 -0.08702 0.04927 0.00243 0.00757 0.01000
9.95000 -0.08652 0.05014 -0.08652 0.05014 0.00251 0.00749 0.01000
9.96000 -0.08602 0.05100 -0.08602 0.05100 0.00260 0.00740 0.01000
9.97000 -0.08550 0.05186 -0.08550 0.05186 0.00269 0.00731 0.01000
9.98000 -0.08498 0.05271 -0.08498 0.05271 0.00278 0.00722 0.01000
9.99000 -0.08445 0.05356 -0.08445 0.05356 0.00287 0.00713 0.01000
