# t x1 v1 x2 v2 E_kin E_pot E_tot
0.00000 0.10000 0.00000 -0.10000 0.00000 0.00000 0.01100 0.01100
0.01000 0.09999 -0.00110 -0.09999 0.00110 0.00000 0.01100 0.01100
0.02000 0.09998 -0.00220 -0.09998 0.00220 0.00000 0.01100 0.01100
0.03000 0.09995 -0.00330 -0.09995 0.00330 0.00001 0.01099 0.01100
0.04000 0.09991 -0.00440 -0.09991 0.00440 0.00002 0.01098 0.01100
0.05000 0.09986 -0.00550 -0.09986 0.00550 0.00003 0.01097 0.01100
0.06000 0.09980 -0.00660 -0.09980 0.00660 0.00004 0.01096 0.01100
0.07000 0.09973 -0.00769 -0.09973 0.00769 0.00006 0.01094 0.01100
0.08000 0.09965 -0.00879 -0.09965 0.00879 0.00008 0.01092 0.01100
0.09000 0.09955 -0.00989 -0.09955 0.00989 0.00010 0.01090 0.01100
0.10000 0.09945 -0.01098 -0.09945 0.01098 0.00012 0.01088 0.01100
0.11000 0.09934 -0.01207 -0.09934 0.01207 0.00015 0.01085 0.01100
0.12000 0.09921 -0.01317 -0.09921 0.01317 0.00017 0.01083 0.01100
0.13000 0.09907 -0.01426 -0.09907 0.01426 0.00020 0.01080 0.01100
0.14000 0.09892 -0.01534 -0.09892 0.01534 0.00024 0.01076 0.01100
0.15000 0.09877 -0.01643 -0.09877 0.01643 0.00027 0.01073 0.01100
0.16000 0.09860 -0.01752 -0.09860 0.01752 0.00031 0.01069 0.01100
0.17000 0.09841 -0.01860 -0.09841 0.01860 0.00035 0.01065 0.01100
0.18000 0.09822 -0.01968 -0.09822 0.01968 0.00039 0.01061 0.01100
0.19000 0.09802 -0.02076 -0.09802 0.02076 0.00043 0.01057 0.01100
0.20000 0.09781 -0.02184 -0.09781 0.02184 0.00048 0.01052 0.01100
0.21000 0.09758 -0.02291 -0.09758 0.02291 0.00053 0.01047 0.01100
0.22000 0.09735 -0.02399 -0.09735 0.02399 0.00058 0.01042 0.01100
0.23000 0.09710 -0.02506 -0.09710 0.02506 0.00063 0.01037 0.01100
0.24000 0.09685 -0.02612 -0.09685 0.02612 0.00068 0.01032 0.01100
0.25000 0.09658 -0.02719 -0.09658 0.02719 0.00074 0.01026 0.01100
0.26000 0.09630 -0.02825 -0.09630 0.02825 0.00080 0.01020 0.01100
0.27000 0.09602 -0.02930 -0.09602 0.02930 0.00086 0.01014 0.01100
0.28000 0.09572 -0.03036 -0.09572 0.03036 0.00092 0.01008 0.01100
0.29000 0.09541 -0.03141 -0.09541 0.03141 0.00099 0.01001 0.01100
0.30000 0.09509 -0.03246 -0.09509 0.03246 0.00105 0.00995 0.01100
0.31000 0.09476 -0.03350 -0.09476 0.03350 0.00112 0.00988 0.01100
0.32000 0.09442 -0.03454 -0.09442 0.03454 0.00119 0.00981 0.01100
0.33000 0.09407 -0.03558 -0.09407 0.03558 0.00127 0.00973 0.01100
0.34000 0.09371 -0.03661 -0.09371 0.03661 0.00134 0.00966 0.01100
0.35000 0.09334 -0.03764 -0.09334 0.03764 0.00142 0.00958 0.01100
0.36000 0.09296 -0.03867 -0.09296 0.03867 0.00150 0.00950 0.01100
0.37000 0.09256 -0.03969 -0.09256 0.03969 0.00157 0.00943 0.01100
0.38000 0.09216 -0.04070 -0.09216 0.04070 0.00166 0.00934 0.01100
0.39000 0.09175 -0.04171 -0.09175 0.04171 0.00174 0.00926 0.01100
0.40000 0.09133 -0.04272 -0.09133 0.04272 0.00183 0.00917 0.01100
0.41000 0.09090 -0.04372 -0.09090 0.04372 0.00191 0.00909 0.01100
0.42000 0.09045 -0.04472 -0.09045 0.04472 0.00200 0.00900 0.01100
0.43000 0.09000 -0.04571 -0.09000 0.04571 0.00209 0.00891 0.01100
0.44000 0.08954 -0.04670 -0.08954 0.04670 0.00218 0.00882 0.01100
0.45000 0.08907 -0.04768 -0.08907 0.04768 0.00227 0.00873 0.01100
0.46000 0.08859 -0.04866 -0.08859 0.04866 0.00237 0.00863 0.01100
0.47000 0.08809 -0.04963 -0.08809 0.04963 0.00246 0.00854 0.01100
0.48000 0.08759 -0.05060 -0.08759 0.05060 0.00256 0.00844 0.01100
0.49000 0.08708 -0.05156 -0.08708 0.05156 0.00266 0.00834 0.01100
0.50000 0.08656 -0.05251 -0.08656 0.05251 0.00276 0.00824 0.01100
0.51000 0.08603 -0.05346 -0.08603 0.05346 0.00286 0.00814 0.01100
0.52000 0.08549 -0.05441 -0.08549 0.05441 0.00296 0.00804 0.01100
0.53000 0.08494 -0.05534 -0.08494 0.05534 0.00306 0.00794 0.01100
0.54000 0.08439 -0.05628 -0.08439 0.05628 0.00317 0.00783 0.01100
0.55000 0.08382 -0.05720 -0.08382 0.05720 0.00327 0.00773 0.01100
0.56000 0.08324 -0.05812 -0.08324 0.05812 0.00338 0.00762 0.01100
0.57000 0.08266 -0.05903 -0.08266 0.05903 0.00348 0.00752 0.01100
0.58000 0.08206 -0.05994 -0.08206 0.05994 0.00359 0.00741 0.01100
0.59000 0.08146 -0.06084 -0.08146 0.06084 0.00370 0.00730 0.01100
0.60000 0.08084 -0.06173 -0.08084 0.06173 0.00381 0.00719 0.01100
0.61000 0.08022 -0.06262 -0.08022 0.06262 0.00392 0.00708 0.01100
0.62000 0.07959 -0.06349 -0.07959 0.06349 0.00403 0.00697 0.01100
0.63000 0.07895 -0.06437 -0.07895 0.06437 0.00414 0.00686 0.01100
0.64000 0.07831 -0.06523 -0.07831 0.06523 0.00426 0.00674 0.01100
0.65000 0.07765 -0.06609 -0.07765 0.06609 0.00437 0.00663 0.01100
0.66000 0.07698 -0.06694 -0.07698 0.06694 0.00448 0.00652 0.01100
0.67000 0.07631 -0.06778 -0.07631 0.06778 0.00459 0.00641 0.01100
0.68000 0.07563 -0.06862 -0.07563 0.06862 0.00471 0.00629 0.01100
0.69000 0.07494 -0.06945 -0.07494 0.06945 0.00482 0.00618 0.01100
0.70000 0.07424 -0.07027 -0.07424 0.07027 0.00494 0.00606 0.01100
0.71000 0.07353 -0.07108 -0.07353 0.07108 0.00505 0.00595 0.01100
0.72000 0.07282 -0.07188 -0.07282 0.07188 0.00517 0.00583 0.01100
0.73000 0.07209 -0.07268 -0.07209 0.07268 0.00528 0.00572 0.01100
0.74000 0.07136 -0.07347 -0.07136 0.07347 0.00540 0.00560 0.01100
0.75000 0.07063 -0.07425 -0.07063 0.07425 0.00551 0.00549 0.01100
0.76000 0.06988 -0.07502 -0.06988 0.07502 0.00563 0.00537 0.01100
0.77000 0.06912 -0.07579 -0.06912 0.07579 0.00574 0.00526 0.01100
0.78000 0.06836 -0.07655 -0.06836 0.07655 0.00586 0.00514 0.01100
0.79000 0.06759 -0.07729 -0.06759 0.07729 0.00597 0.00503 0.01100
0.80000 0.06682 -0.07803 -0.06682 0.07803 0.00609 0.00491 0.01100
0.81000 0.06603 -0.07876 -0.06603 0.07876 0.00620 0.00480 0.01100
0.82000 0.06524 -0.07948 -0.06524 0.07948 0.00632 0.00468 0.01100
0.83000 0.06444 -0.08020 -0.06444 0.08020 0.00643 0.00457 0.01100
0.84000 0.06364 -0.08090 -0.06364 0.08090 0.00655 0.00445 0.01100
0.85000 0.06283 -0.08160 -0.06283 0.08160 0.00666 0.00434 0.01100
0.86000 0.06201 -0.08228 -0.06201 0.08228 0.00677 0.00423 0.01100
0.87000 0.06118 -0.08296 -0.06118 0.08296 0.00688 0.00412 0.01100
0.88000 0.06035 -0.08363 -0.06035 0.08363 0.00699 0.00401 0.01100
0.89000 0.05951 -0.08429 -0.05951 0.08429 0.00710 0.00390 0.01100
0.90000 0.05866 -0.08494 -0.05866 0.08494 0.00721 0.00379 0.01100
0.91000 0.05781 -0.08558 -0.05781 0.08558 0.00732 0.00368 0.01100
0.92000 0.05695 -0.08621 -0.05695 0.08621 0.00743 0.00357 0.01100
0.93000 0.05608 -0.08683 -0.05608 0.08683 0.00754 0.00346 0.01100
0.94000 0.05521 -0.08745 -0.05521 0.08745 0.00765 0.00335 0.01100
0.95000 0.05434 -0.08805 -0.05434 0.08805 0.00775 0.00325 0.01100
0.96000 0.05345 -0.08864 -0.05345 0.08864 0.00786 0.00314 0.01100
0.97000 0.05256 -0.08922 -0.05256 0.08922 0.00796 0.00304 0.01100
0.98000 0.05167 -0.08980 -0.05167 0.08980 0.00806 0.00294 0.01100
0.99000 0.05077 -0.09036 -0.05077 0.09036 0.00817 0.00283 0.01100
1.00000 0.04986 -0.09091 -0.04986 0.09091 0.00827 0.00273 0.01100
1.01000 0.04895 -0.09146 -0.04895 0.09146 0.00836 0.00264 0.01100
1.02000 0.04803 -0.09199 -0.04803 0.09199 0.00846 0.00254 0.01100
1.03000 0.04711 -0.09251 -0.04711 0.09251 0.00856 0.00244 0.01100
1.04000 0.04618 -0.09303 -0.04618 0.09303 0.00865 0.00235 0.01100
1.05000 0.04525 -0.09353 -0.04525 0.09353 0.00875 0.00225 0.01100
1.06000 0.04431 -0.09402 -0.04431 0.09402 0.00884 0.00216 0.01100
1.07000 0.04337 -0.09450 -0.04337 0.09450 0.00893 0.00207 0.01100
1.08000 0.04242 -0.09498 -0.04242 0.09498 0.00902 0.00198 0.01100
1.09000 0.04147 -0.09544 -0.04147 0.09544 0.00911 0.00189 0.01100
1.10000 0.04051 -0.09589 -0.04051 0.09589 0.00919 0.00181 0.01100
1.11000 0.03955 -0.09633 -0.03955 0.09633 0.00928 0.00172 0.01100
1.12000 0.03859 -0.09676 -0.03859 0.09676 0.00936 0.00164 0.01100
1.13000 0.03762 -0.09718 -0.03762 0.09718 0.00944 0.00156 0.01100
1.14000 0.03664 -0.09759 -0.03664 0.09759 0.00952 0.00148 0.01100
1.15000 0.03566 -0.09798 -0.03566 0.09798 0.00960 0.00140 0.01100
1.16000 0.03468 -0.09837 -0.03468 0.09837 0.00968 0.00132 0.01100
1.17000 0.03370 -0.09875 -0.03370 0.09875 0.00975 0.00125 0.01100
1.18000 0.03271 -0.09911 -0.03271 0.09911 0.00982 0.00118 0.01100
1.19000 0.03171 -0.09947 -0.03171 0.09947 0.00989 0.00111 0.01100
1.20000 0.03072 -0.09981 -0.03072 0.09981 0.00996 0.00104 0.01100
1.21000 0.02972 -0.10014 -0.02972 0.10014 0.01003 0.00097 0.01100
1.22000 0.02871 -0.10046 -0.02871 0.10046 0.01009 0.00091 0.01100
1.23000 0.02771 -0.10077 -0.02771 0.10077 0.01016 0.00084 0.01100
1.24000 0.02670 -0.10107 -0.02670 0.10107 0.01022 0.00078 0.01100
1.25000 0.02569 -0.10136 -0.02569 0.10136 0.01027 0.00073 0.01100
1.26000 0.02467 -0.10164 -0.02467 0.10164 0.01033 0.00067 0.01100
1.27000 0.02365 -0.10190 -0.02365 0.10190 0.01038 0.00062 0.01100
1.28000 0.02263 -0.10216 -0.02263 0.10216 0.01044 0.00056 0.01100
1.29000 0.02161 -0.10240 -0.02161 0.10240 0.01049 0.00051 0.01100
1.30000 0.02059 -0.10263 -0.02059 0.10263 0.01053 0.00047 0.01100
1.31000 0.01956 -0.10286 -0.01956 0.10286 0.01058 0.00042 0.01100
1.32000 0.01853 -0.10306 -0.01853 0.10306 0.01062 0.00038 0.01100
1.33000 0.01750 -0.10326 -0.01750 0.10326 0.01066 0.00034 0.01100
1.34000 0.01646 -0.10345 -0.01646 0.10345 0.01070 0.00030 0.01100
1.35000 0.01543 -0.10363 -0.01543 0.10363 0.01074 0.00026 0.01100
1.36000 0.01439 -0.10379 -0.01439 0.10379 0.01077 0.00023 0.01100
1.37000 0.01335 -0.10394 -0.01335 0.10394 0.01080 0.00020 0.01100
1.38000 0.01231 -0.10408 -0.01231 0.10408 0.01083 0.00017 0.01100
1.39000 0.01127 -0.10421 -0.01127 0.10421 0.01086 0.00014 0.01100
1.40000 0.01023 -0.10433 -0.01023 0.10433 0.01088 0.00012 0.01100
1.41000 0.00918 -0.10444 -0.00918 0.10444 0.01091 0.00009 0.01100
1.42000 0.00814 -0.10453 -0.00814 0.10453 0.01093 0.00007 0.01100
1.43000 0.00709 -0.10462 -0.00709 0.10462 0.01094 0.00006 0.01100
1.44000 0.00605 -0.10469 -0.00605 0.10469 0.01096 0.00004 0.01100
1.45000 0.00500 -0.10475 -0.00500 0.10475 0.01097 0.00003 0.01100
1.46000 0.00395 -0.10480 -0.00395 0.10480 0.01098 0.00002 0.01100
1.47000 0.00290 -0.10484 -0.00290 0.10484 0.01099 0.00001 0.01100
1.48000 0.00186 -0.10486 -0.00186 0.10486 0.01100 0.00000 0.01100
1.49000 0.00081 -0.10488 -0.00081 0.10488 0.01100 0.00000 0.01100
1.50000 -0.00024 -0.10488 0.00024 0.10488 0.01100 0.00000 0.01100
1.51000 -0.00129 -0.10487 0.00129 0.10487 0.01100 0.00000 0.01100
1.52000 -0.00234 -0.10485 0.00234 0.10485 0.01099 0.00001 0.01100
1.53000 -0.00339 -0.10482 0.00339 0.10482 0.01099 0.00001 0.01100
1.54000 -0.00444 -0.10478 0.00444 0.10478 0.01098 0.00002 0.01100
1.55000 -0.00548 -0.10472 0.00548 0.10472 0.01097 0.00003 0.01100
1.56000 -0.00653 -0.10466 0.00653 0.10466 0.01095 0.00005 0.01100
1.57000 -0.00758 -0.10458 0.00758 0.10458 0.01094 0.00006 0.01100
1.58000 -0.00862 -0.10449 0.00862 0.10449 0.01092 0.00008 0.01100
1.59000 -0.00967 -0.10439 0.00967 0.10439 0.01090 0.00010 0.01100
1.60000 -0.01071 -0.10428 0.01071 0.10428 0.01087 0.00013 0.01100
1.61000 -0.01175 -0.10415 0.01175 0.10415 0.01085 0.00015 0.01100
1.62000 -0.01279 -0.10402 0.01279 0.10402 0.01082 0.00018 0.01100
1.63000 -0.01383 -0.10387 0.01383 0.10387 0.01079 0.00021 0.01100
1.64000 -0.01487 -0.10371 0.01487 0.10371 0.01076 0.00024 0.01100
1.65000 -0.01591 -0.10355 0.01591 0.10355 0.01072 0.00028 0.01100
1.66000 -0.01694 -0.10336 0.01694 0.10336 0.01068 0.00032 0.01100
1.67000 -0.01797 -0.10317 0.01797 0.10317 0.01064 0.00036 0.01100
1.68000 -0.01900 -0.10297 0.01900 0.10297 0.01060 0.00040 0.01100
1.69000 -0.02003 -0.10275 0.02003 0.10275 0.01056 0.00044 0.01100
1.70000 -0.02106 -0.10253 0.02106 0.10253 0.01051 0.00049 0.01100
1.71000 -0.02208 -0.10229 0.02208 0.10229 0.01046 0.00054 0.01100
1.72000 -0.02310 -0.10204 0.02310 0.10204 0.01041 0.00059 0.01100
1.73000 -0.02412 -0.10178 0.02412 0.10178 0.01036 0.00064 0.01100
1.74000 -0.02514 -0.10151 0.02514 0.10151 0.01030 0.00070 0.01100
1.75000 -0.02615 -0.10123 0.02615 0.10123 0.01025 0.00075 0.01100
1.76000 -0.02717 -0.10094 0.02717 0.10094 0.01019 0.00081 0.01100
1.77000 -0.02817 -0.10063 0.02817 0.10063 0.01013 0.00087 0.01100
1.78000 -0.02918 -0.10032 0.02918 0.10032 0.01006 0.00094 0.01100
1.79000 -0.03018 -0.09999 0.03018 0.09999 0.01000 0.00100 0.01100
1.80000 -0.03118 -0.09965 0.03118 0.09965 0.00993 0.00107 0.01100
1.81000 -0.03217 -0.09930 0.03217 0.09930 0.00986 0.00114 0.01100
1.82000 -0.03316 -0.09895 0.03316 0.09895 0.00979 0.00121 0.01100
1.83000 -0.03415 -0.09858 0.03415 0.09858 0.00972 0.00128 0.01100
1.84000 -0.03513 -0.09819 0.03513 0.09819 0.00964 0.00136 0.01100
1.85000 -0.03611 -0.09780 0.03611 0.09780 0.00957 0.00143 0.01100
1.86000 -0.03709 -0.09740 0.03709 0.09740 0.00949 0.00151 0.01100
1.87000 -0.03806 -0.09699 0.03806 0.09699 0.00941 0.00159 0.01100
1.88000 -0.03903 -0.09656 0.03903 0.09656 0.00932 0.00168 0.01100
1.89000 -0.03999 -0.09613 0.03999 0.09613 0.00924 0.00176 0.01100
1.90000 -0.04095 -0.09568 0.04095 0.09568 0.00916 0.00184 0.01100
1.91000 -0.04191 -0.09523 0.04191 0.09523 0.00907 0.00193 0.01100
1.92000 -0.04286 -0.09476 0.04286 0.09476 0.00898 0.00202 0.01100
1.93000 -0.04380 -0.09428 0.04380 0.09428 0.00889 0.00211 0.01100
1.94000 -0.04474 -0.09380 0.04474 0.09380 0.00880 0.00220 0.01100
1.95000 -0.04568 -0.09330 0.04568 0.09330 0.00870 0.00230 0.01100
1.96000 -0.04661 -0.09279 0.04661 0.09279 0.00861 0.00239 0.01100
1.97000 -0.04753 -0.09227 0.04753 0.09227 0.00851 0.00249 0.01100
1.98000 -0.04845 -0.09175 0.04845 0.09175 0.00842 0.00258 0.01100
1.99000 -0.04937 -0.09121 0.04937 0.09121 0.00832 0.00268 0.01100
2.00000 -0.05028 -0.09066 0.05028 0.09066 0.00822 0.00278 0.01100
2.01000 -0.05118 -0.09010 0.05118 0.09010 0.00812 0.00288 0.01100
2.02000 -0.05208 -0.08953 0.05208 0.08953 0.00802 0.00298 0.01100
2.03000 -0.05297 -0.08896 0.05297 0.08896 0.00791 0.00309 0.01100
2.04000 -0.05386 -0.08837 0.05386 0.08837 0.00781 0.00319 0.01100
2.05000 -0.05474 -0.08777 0.05474 0.08777 0.00770 0.00330 0.01100
2.06000 -0.05562 -0.08716 0.05562 0.08716 0.00760 0.00340 0.01100
2.07000 -0.05648 -0.08655 0.05648 0.08655 0.00749 0.00351 0.01100
2.08000 -0.05735 -0.08592 0.05735 0.08592 0.00738 0.00362 0.01100
2.09000 -0.05820 -0.08529 0.05820 0.08529 0.00727 0.00373 0.01100
2.10000 -0.05905 -0.08464 0.05905 0.08464 0.00716 0.00384 0.01100
2.11000 -0.05990 -0.08399 0.05990 0.08399 0.00705 0.00395 0.01100
2.12000 -0.06073 -0.08332 0.06073 0.08332 0.00694 0.00406 0.01100
2.13000 -0.06156 -0.08265 0.06156 0.08265 0.00683 0.00417 0.01100
2.14000 -0.06238 -0.08197 0.06238 0.08197 0.00672 0.00428 0.01100
2.15000 -0.06320 -0.08128 0.06320 0.08128 0.00661 0.00439 0.01100
2.16000 -0.06401 -0.08058 0.06401 0.08058 0.00649 0.00451 0.01100
2.17000 -0.06481 -0.07987 0.06481 0.07987 0.00638 0.00462 0.01100
2.18000 -0.06561 -0.07915 0.06561 0.07915 0.00627 0.00473 0.01100
2.19000 -0.06640 -0.07843 0.06640 0.07843 0.00615 0.00485 0.01100
2.20000 -0.06718 -0.07769 0.06718 0.07769 0.00604 0.00496 0.01100
2.21000 -0.06795 -0.07695 0.06795 0.07695 0.00592 0.00508 0.01100
2.22000 -0.06872 -0.07620 0.06872 0.07620 0.00581 0.00519 0.01100
2.23000 -0.06947 -0.07544 0.06947 0.07544 0.00569 0.00531 0.01100
2.24000 -0.07022 -0.07467 0.07022 0.07467 0.00558 0.00542 0.01100
2.25000 -0.07097 -0.07389 0.07097 0.07389 0.00546 0.00554 0.01100
2.26000 -0.07170 -0.07311 0.07170 0.07311 0.00534 0.00566 0.01100
2.27000 -0.07243 -0.07232 0.07243 0.07232 0.00523 0.00577 0.01100
2.28000 -0.07315 -0.07151 0.07315 0.07151 0.00511 0.00589 0.01100
2.29000 -0.07386 -0.07071 0.07386 0.07071 0.00500 0.00600 0.01100
2.30000 -0.07456 -0.06989 0.07456 0.06989 0.00488 0.00612 0.01100
2.31000 -0.07526 -0.06907 0.07526 0.06907 0.00477 0.00623 0.01100
2.32000 -0.07594 -0.06823 0.07594 0.06823 0.00466 0.00634 0.01100
2.33000 -0.07662 -0.06739 0.07662 0.06739 0.00454 0.00646 0.01100
2.34000 -0.07729 -0.06655 0.07729 0.06655 0.00443 0.00657 0.01100
2.35000 -0.07795 -0.06569 0.07795 0.06569 0.00432 0.00668 0.01100
2.36000 -0.07860 -0.06483 0.07860 0.06483 0.00420 0.00680 0.01100
2.37000 -0.07925 -0.06397 0.07925 0.06397 0.00409 0.00691 0.01100
2.38000 -0.07988 -0.06309 0.07988 0.06309 0.00398 0.00702 0.01100
2.39000 -0.08051 -0.06221 0.08051 0.06221 0.00387 0.00713 0.01100
2.40000 -0.08113 -0.06132 0.08113 0.06132 0.00376 0.00724 0.01100
2.41000 -0.08174 -0.06042 0.08174 0.06042 0.00365 0.00735 0.01100
2.42000 -0.08234 -0.05952 0.08234 0.05952 0.00354 0.00746 0.01100
2.43000 -0.08293 -0.05861 0.08293 0.05861 0.00344 0.00756 0.01100
2.44000 -0.08351 -0.05770 0.08351 0.05770 0.00333 0.00767 0.01100
2.45000 -0.08408 -0.05677 0.08408 0.05677 0.00322 0.00778 0.01100
2.46000 -0.08464 -0.05585 0.08464 0.05585 0.00312 0.00788 0.01100
2.47000 -0.08520 -0.05491 0.08520 0.05491 0.00302 0.00798 0.01100
2.48000 -0.08574 -0.05397 0.08574 0.05397 0.00291 0.00809 0.01100
2.49000 -0.08628 -0.05303 0.08628 0.05303 0.00281 0.00819 0.01100
2.50000 -0.08680 -0.05207 0.08680 0.05207 0.00271 0.00829 0.01100
2.51000 -0.08732 -0.05112 0.08732 0.05112 0.00261 0.00839 0.01100
2.52000 -0.08783 -0.05015 0.08783 0.05015 0.00252 0.00848 0.01100
2.53000 -0.08832 -0.04918 0.08832 0.04918 0.00242 0.00858 0.01100
2.54000 -0.08881 -0.04821 0.08881 0.04821 0.00232 0.00868 0.01100
2.55000 -0.08929 -0.04723 0.08929 0.04723 0.00223 0.00877 0.01100
2.56000 -0.08975 -0.04625 0.08975 0.04625 0.00214 0.00886 0.01100
2.57000 -0.09021 -0.04526 0.09021 0.04526 0.00205 0.00895 0.01100
2.58000 -0.09066 -0.04426 0.09066 0.04426 0.00196 0.00904 0.01100
2.59000 -0.09110 -0.04326 0.09110 0.04326 0.00187 0.00913 0.01100
2.60000 -0.09152 -0.04226 0.09152 0.04226 0.00179 0.00921 0.01100
2.61000 -0.09194 -0.04125 0.09194 0.04125 0.00170 0.00930 0.01100
2.62000 -0.09235 -0.04023 0.09235 0.04023 0.00162 0.00938 0.01100
2.63000 -0.09275 -0.03922 0.09275 0.03922 0.00154 0.00946 0.01100
2.64000 -0.09313 -0.03819 0.09313 0.03819 0.00146 0.00954 0.01100
2.65000 -0.09351 -0.03717 0.09351 0.03717 0.00138 0.00962 0.01100
2.66000 -0.09388 -0.03614 0.09388 0.03614 0.00131 0.00969 0.01100
2.67000 -0.09423 -0.03510 0.09423 0.03510 0.00123 0.00977 0.01100
2.68000 -0.09458 -0.03406 0.09458 0.03406 0.00116 0.00984 0.01100
2.69000 -0.09491 -0.03302 0.09491 0.03302 0.00109 0.00991 0.01100
2.70000 -0.09524 -0.03198 0.09524 0.03198 0.00102 0.00998 0.01100
2.71000 -0.09555 -0.03093 0.09555 0.03093 0.00096 0.01004 0.01100
2.72000 -0.09586 -0.02987 0.09586 0.02987 0.00089 0.01011 0.01100
2.73000 -0.09615 -0.02882 0.09615 0.02882 0.00083 0.01017 0.01100
2.74000 -0.09643 -0.02776 0.09643 0.02776 0.00077 0.01023 0.01100
2.75000 -0.09671 -0.02670 0.09671 0.02670 0.00071 0.01029 0.01100
2.76000 -0.09697 -0.02563 0.09697 0.02563 0.00066 0.01034 0.01100
2.77000 -0.09722 -0.02456 0.09722 0.02456 0.00060 0.01040 0.01100
2.78000 -0.09746 -0.02349 0.09746 0.02349 0.00055 0.01045 0.01100
2.79000 -0.09769 -0.02242 0.09769 0.02242 0.00050 0.01050 0.01100
2.80000 -0.09791 -0.02134 0.09791 0.02134 0.00046 0.01054 0.01100
2.81000 -0.09812 -0.02026 0.09812 0.02026 0.00041 0.01059 0.01100
2.82000 -0.09831 -0.01918 0.09831 0.01918 0.00037 0.01063 0.01100
2.83000 -0.09850 -0.01810 0.09850 0.01810 0.00033 0.01067 0.01100
2.84000 -0.09867 -0.01702 0.09867 0.01702 0.00029 0.01071 0.01100
2.85000 -0.09884 -0.01593 0.09884 0.01593 0.00025 0.01075 0.01100
2.86000 -0.09899 -0.01484 0.09899 0.01484 0.00022 0.01078 0.01100
2.87000 -0.09914 -0.01375 0.09914 0.01375 0.00019 0.01081 0.01100
2.88000 -0.09927 -0.01266 0.09927 0.01266 0.00016 0.01084 0.01100
2.89000 -0.09939 -0.01157 0.09939 0.01157 0.00013 0.01087 0.01100
2.90000 -0.09950 -0.01048 0.09950 0.01048 0.00011 0.01089 0.01100
2.91000 -0.09960 -0.00938 0.09960 0.00938 0.00009 0.01091 0.01100
2.92000 -0.09969 -0.00828 0.09969 0.00828 0.00007 0.01093 0.01100
2.93000 -0.09976 -0.00719 0.09976 0.00719 0.00005 0.01095 0.01100
2.94000 -0.09983 -0.00609 0.09983 0.00609 0.00004 0.01096 0.01100
2.95000 -0.09989 -0.00499 0.09989 0.00499 0.00002 0.01098 0.01100
2.96000 -0.09993 -0.00389 0.09993 0.00389 0.00002 0.01098 0.01100
2.97000 -0.09996 -0.00279 0.09996 0.00279 0.00001 0.01099 0.01100
2.98000 -0.09999 -0.00169 0.09999 0.00169 0.00000 0.01100 0.01100
2.99000 -0.10000 -0.00059 0.10000 0.00059 0.00000 0.01100 0.01100
3.00000 -0.10000 0.00051 0.10000 -0.00051 0.00000 0.01100 0.01100
3.01000 -0.09999 0.00161 0.09999 -0.00161 0.00000 0.01100 0.01100
3.02000 -0.09997 0.00271 0.09997 -0.00271 0.00001 0.01099 0.01100
3.03000 -0.09993 0.00381 0.09993 -0.00381 0.00001 0.01099 0.01100
3.04000 -0.09989 0.00491 0.09989 -0.00491 0.00002 0.01098 0.01100
3.05000 -0.09984 0.00600 0.09984 -0.00600 0.00004 0.01096 0.01100
3.06000 -0.09977 0.00710 0.09977 -0.00710 0.00005 0.01095 0.01100
3.07000 -0.09969 0.00820 0.09969 -0.00820 0.00007 0.01093 0.01100
3.08000 -0.09961 0.00929 0.09961 -0.00929 0.00009 0.01091 0.01100
3.09000 -0.09951 0.01039 0.09951 -0.01039 0.00011 0.01089 0.01100
3.10000 -0.09940 0.01148 0.09940 -0.01148 0.00013 0.01087 0.01100
3.11000 -0.09928 0.01258 0.09928 -0.01258 0.00016 0.01084 0.01100
3.12000 -0.09915 0.01367 0.09915 -0.01367 0.00019 0.01081 0.01100
3.13000 -0.09901 0.01476 0.09901 -0.01476 0.00022 0.01078 0.01100
3.14000 -0.09885 0.01585 0.09885 -0.01585 0.00025 0.01075 0.01100
3.15000 -0.09869 0.01693 0.09869 -0.01693 0.00029 0.01071 0.01100
3.16000 -0.09851 0.01802 0.09851 -0.01802 0.00032 0.01068 0.01100
3.17000 -0.09833 0.01910 0.09833 -0.01910 0.00036 0.01064 0.01100
3.18000 -0.09813 0.02018 0.09813 -0.02018 0.00041 0.01059 0.01100
3.19000 -0.09792 0.02126 0.09792 -0.02126 0.00045 0.01055 0.01100
3.20000 -0.09771 0.02233 0.09771 -0.02233 0.00050 0.01050 0.01100
3.21000 -0.09748 0.02341 0.09748 -0.02341 0.00055 0.01045 0.01100
3.22000 -0.09724 0.02448 0.09724 -0.02448 0.00060 0.01040 0.01100
3.23000 -0.09699 0.02555 0.09699 -0.02555 0.00065 0.01035 0.01100
3.24000 -0.09673 0.02661 0.09673 -0.02661 0.00071 0.01029 0.01100
3.25000 -0.09646 0.02768 0.09646 -0.02768 0.00077 0.01023 0.01100
3.26000 -0.09617 0.02873 0.09617 -0.02873 0.00083 0.01017 0.01100
3.27000 -0.09588 0.02979 0.09588 -0.02979 0.00089 0.01011 0.01100
3.28000 -0.09558 0.03084 0.09558 -0.03084 0.00095 0.01005 0.01100
3.29000 -0.09526 0.03189 0.09526 -0.03189 0.00102 0.00998 0.01100
3.30000 -0.09494 0.03294 0.09494 -0.03294 0.00109 0.00991 0.01100
3.31000 -0.09461 0.03398 0.09461 -0.03398 0.00115 0.00985 0.01100
3.32000 -0.09426 0.03502 0.09426 -0.03502 0.00123 0.00977 0.01100
3.33000 -0.09390 0.03606 0.09390 -0.03606 0.00130 0.00970 0.01100
3.34000 -0.09354 0.03709 0.09354 -0.03709 0.00138 0.00962 0.01100
3.35000 -0.09316 0.03811 0.09316 -0.03811 0.00145 0.00955 0.01100
3.36000 -0.09278 0.03914 0.09278 -0.03914 0.00153 0.00947 0.01100
3.37000 -0.09238 0.04015 0.09238 -0.04015 0.00161 0.00939 0.01100
3.38000 -0.09197 0.04117 0.09197 -0.04117 0.00169 0.00931 0.01100
3.39000 -0.09156 0.04218 0.09156 -0.04218 0.00178 0.00922 0.01100
3.40000 -0.09113 0.04318 0.09113 -0.04318 0.00186 0.00914 0.01100
3.41000 -0.09069 0.04418 0.09069 -0.04418 0.00195 0.00905 0.01100
3.42000 -0.09025 0.04518 0.09025 -0.04518 0.00204 0.00896 0.01100
3.43000 -0.08979 0.04617 0.08979 -0.04617 0.00213 0.00887 0.01100
3.44000 -0.08932 0.04715 0.08932 -0.04715 0.00222 0.00878 0.01100
3.45000 -0.08885 0.04813 0.08885 -0.04813 0.00232 0.00868 0.01100
3.46000 -0.08836 0.04911 0.08836 -0.04911 0.00241 0.00859 0.01100
3.47000 -0.08786 0.05008 0.08786 -0.05008 0.00251 0.00849 0.01100
3.48000 -0.08736 0.05104 0.08736 -0.05104 0.00261 0.00839 0.01100
3.49000 -0.08684 0.05200 0.08684 -0.05200 0.00270 0.00830 0.01100
3.50000 -0.08632 0.05295 0.08632 -0.05295 0.00280 0.00820 0.01100
3.51000 -0.08578 0.05390 0.08578 -0.05390 0.00291 0.00809 0.01100
3.52000 -0.08524 0.05484 0.08524 -0.05484 0.00301 0.00799 0.01100
3.53000 -0.08469 0.05577 0.08469 -0.05577 0.00311 0.00789 0.01100
3.54000 -0.08413 0.05670 0.08413 -0.05670 0.00322 0.00778 0.01100
3.55000 -0.08355 0.05762 0.08355 -0.05762 0.00332 0.00768 0.01100
3.56000 -0.08297 0.05854 0.08297 -0.05854 0.00343 0.00757 0.01100
3.57000 -0.08238 0.05945 0.08238 -0.05945 0.00353 0.00747 0.01100
3.58000 -0.08178 0.06035 0.08178 -0.06035 0.00364 0.00736 0.01100
3.59000 -0.08118 0.06125 0.08118 -0.06125 0.00375 0.00725 0.01100
3.60000 -0.08056 0.06214 0.08056 -0.06214 0.00386 0.00714 0.01100
3.61000 -0.07993 0.06302 0.07993 -0.06302 0.00397 0.00703 0.01100
3.62000 -0.07930 0.06390 0.07930 -0.06390 0.00408 0.00692 0.01100
3.63000 -0.07866 0.06477 0.07866 -0.06477 0.00419 0.00681 0.01100
3.64000 -0.07800 0.06563 0.07800 -0.06563 0.00431 0.00669 0.01100
3.65000 -0.07734 0.06648 0.07734 -0.06648 0.00442 0.00658 0.01100
3.66000 -0.07667 0.06733 0.07667 -0.06733 0.00453 0.00647 0.01100
3.67000 -0.07600 0.06817 0.07600 -0.06817 0.00465 0.00635 0.01100
3.68000 -0.07531 0.06900 0.07531 -0.06900 0.00476 0.00624 0.01100
3.69000 -0.07462 0.06983 0.07462 -0.06983 0.00488 0.00612 0.01100
3.70000 -0.07391 0.07064 0.07391 -0.07064 0.00499 0.00601 0.01100
3.71000 -0.07320 0.07145 0.07320 -0.07145 0.00511 0.00589 0.01100
3.72000 -0.07249 0.07225 0.07249 -0.07225 0.00522 0.00578 0.01100
3.73000 -0.07176 0.07305 0.07176 -0.07305 0.00534 0.00566 0.01100
3.74000 -0.07102 0.07383 0.07102 -0.07383 0.00545 0.00555 0.01100
3.75000 -0.07028 0.07461 0.07028 -0.07461 0.00557 0.00543 0.01100
3.76000 -0.06953 0.07538 0.06953 -0.07538 0.00568 0.00532 0.01100
3.77000 -0.06877 0.07614 0.06877 -0.07614 0.00580 0.00520 0.01100
3.78000 -0.06801 0.07689 0.06801 -0.07689 0.00591 0.00509 0.01100
3.79000 -0.06724 0.07763 0.06724 -0.07763 0.00603 0.00497 0.01100
3.80000 -0.06646 0.07837 0.06646 -0.07837 0.00614 0.00486 0.01100
3.81000 -0.06567 0.07910 0.06567 -0.07910 0.00626 0.00474 0.01100
3.82000 -0.06487 0.07981 0.06487 -0.07981 0.00637 0.00463 0.01100
3.83000 -0.06407 0.08052 0.06407 -0.08052 0.00648 0.00452 0.01100
3.84000 -0.06326 0.08122 0.06326 -0.08122 0.00660 0.00440 0.01100
3.85000 -0.06245 0.08192 0.06245 -0.08192 0.00671 0.00429 0.01100
3.86000 -0.06163 0.08260 0.06163 -0.08260 0.00682 0.00418 0.01100
3.87000 -0.06080 0.08327 0.06080 -0.08327 0.00693 0.00407 0.01100
3.88000 -0.05996 0.08394 0.05996 -0.08394 0.00705 0.00395 0.01100
3.89000 -0.05912 0.08459 0.05912 -0.08459 0.00716 0.00384 0.01100
3.90000 -0.05827 0.08524 0.05827 -0.08524 0.00727 0.00373 0.01100
3.91000 -0.05741 0.08587 0.05741 -0.08587 0.00737 0.00363 0.01100
3.92000 -0.05655 0.08650 0.05655 -0.08650 0.00748 0.00352 0.01100
3.93000 -0.05568 0.08712 0.05568 -0.08712 0.00759 0.00341 0.01100
3.94000 -0.05481 0.08772 0.05481 -0.08772 0.00770 0.00330 0.01100
3.95000 -0.05393 0.08832 0.05393 -0.08832 0.00780 0.00320 0.01100
3.96000 -0.05304 0.08891 0.05304 -0.08891 0.00791 0.00309 0.01100
3.97000 -0.05215 0.08949 0.05215 -0.08949 0.00801 0.00299 0.01100
3.98000 -0.05125 0.09006 0.05125 -0.09006 0.00811 0.00289 0.01100
3.99000 -0.05035 0.09062 0.05035 -0.09062 0.00821 0.00279 0.01100
4.00000 -0.04944 0.09117 0.04944 -0.09117 0.00831 0.00269 0.01100
4.01000 -0.04853 0.09170 0.04853 -0.09170 0.00841 0.00259 0.01100
4.02000 -0.04761 0.09223 0.04761 -0.09223 0.00851 0.00249 0.01100
4.03000 -0.04668 0.09275 0.04668 -0.09275 0.00860 0.00240 0.01100
4.04000 -0.04575 0.09326 0.04575 -0.09326 0.00870 0.00230 0.01100
4.05000 -0.04482 0.09376 0.04482 -0.09376 0.00879 0.00221 0.01100
4.06000 -0.04388 0.09425 0.04388 -0.09425 0.00888 0.00212 0.01100
4.07000 -0.04293 0.09472 0.04293 -0.09472 0.00897 0.00203 0.01100
4.08000 -0.04198 0.09519 0.04198 -0.09519 0.00906 0.00194 0.01100
4.09000 -0.04103 0.09565 0.04103 -0.09565 0.00915 0.00185 0.01100
4.10000 -0.04007 0.09609 0.04007 -0.09609 0.00923 0.00177 0.01100
4.11000 -0.03911 0.09653 0.03911 -0.09653 0.00932 0.00168 0.01100
4.12000 -0.03814 0.09695 0.03814 -0.09695 0.00940 0.00160 0.01100
4.13000 -0.03717 0.09737 0.03717 -0.09737 0.00948 0.00152 0.01100
4.14000 -0.03619 0.09777 0.03619 -0.09777 0.00956 0.00144 0.01100
4.15000 -0.03521 0.09816 0.03521 -0.09816 0.00964 0.00136 0.01100
4.16000 -0.03423 0.09855 0.03423 -0.09855 0.00971 0.00129 0.01100
4.17000 -0.03324 0.09892 0.03324 -0.09892 0.00978 0.00122 0.01100
4.18000 -0.03225 0.09928 0.03225 -0.09928 0.00986 0.00114 0.01100
4.19000 -0.03126 0.09963 0.03126 -0.09963 0.00993 0.00107 0.01100
4.20000 -0.03026 0.09996 0.03026 -0.09996 0.00999 0.00101 0.01100
4.21000 -0.02926 0.10029 0.02926 -0.10029 0.01006 0.00094 0.01100
4.22000 -0.02825 0.10061 0.02825 -0.10061 0.01012 0.00088 0.01100
4.23000 -0.02724 0.10091 0.02724 -0.10091 0.01018 0.00082 0.01100
4.24000 -0.02623 0.10121 0.02623 -0.10121 0.01024 0.00076 0.01100
4.25000 -0.02522 0.10149 0.02522 -0.10149 0.01030 0.00070 0.01100
4.26000 -0.02420 0.10176 0.02420 -0.10176 0.01036 0.00064 0.01100
4.27000 -0.02318 0.10202 0.02318 -0.10202 0.01041 0.00059 0.01100
4.28000 -0.02216 0.10227 0.02216 -0.10227 0.01046 0.00054 0.01100
4.29000 -0.02114 0.10251 0.02114 -0.10251 0.01051 0.00049 0.01100
4.30000 -0.02011 0.10274 0.02011 -0.10274 0.01056 0.00044 0.01100
4.31000 -0.01908 0.10295 0.01908 -0.10295 0.01060 0.00040 0.01100
4.32000 -0.01805 0.10316 0.01805 -0.10316 0.01064 0.00036 0.01100
4.33000 -0.01702 0.10335 0.01702 -0.10335 0.01068 0.00032 0.01100
4.34000 -0.01599 0.10353 0.01599 -0.10353 0.01072 0.00028 0.01100
4.35000 -0.01495 0.10370 0.01495 -0.10370 0.01075 0.00025 0.01100
4.36000 -0.01391 0.10386 0.01391 -0.10386 0.01079 0.00021 0.01100
4.37000 -0.01287 0.10401 0.01287 -0.10401 0.01082 0.00018 0.01100
4.38000 -0.01183 0.10414 0.01183 -0.10414 0.01085 0.00015 0.01100
4.39000 -0.01079 0.10427 0.01079 -0.10427 0.01087 0.00013 0.01100
4.40000 -0.00975 0.10438 0.00975 -0.10438 0.01090 0.00010 0.01100
4.41000 -0.00870 0.10448 0.00870 -0.10448 0.01092 0.00008 0.01100
4.42000 -0.00766 0.10457 0.00766 -0.10457 0.01094 0.00006 0.01100
4.43000 -0.00661 0.10465 0.00661 -0.10465 0.01095 0.00005 0.01100
4.44000 -0.00556 0.10472 0.00556 -0.10472 0.01097 0.00003 0.01100
4.45000 -0.00452 0.10477 0.00452 -0.10477 0.01098 0.00002 0.01100
4.46000 -0.00347 0.10482 0.00347 -0.10482 0.01099 0.00001 0.01100
4.47000 -0.00242 0.10485 0.00242 -0.10485 0.01099 0.00001 0.01100
4.48000 -0.00137 0.10487 0.00137 -0.10487 0.01100 0.00000 0.01100
4.49000 -0.00032 0.10488 0.00032 -0.10488 0.01100 0.00000 0.01100
4.50000 0.00073 0.10488 -0.00073 -0.10488 0.01100 0.00000 0.01100
4.51000 0.00177 0.10486 -0.00177 -0.10486 0.01100 0.00000 0.01100
4.52000 0.00282 0.10484 -0.00282 -0.10484 0.01099 0.00001 0.01100
4.53000 0.00387 0.10480 -0.00387 -0.10480 0.01098 0.00002 0.01100
4.54000 0.00492 0.10475 -0.00492 -0.10475 0.01097 0.00003 0.01100
4.55000 0.00597 0.10469 -0.00597 -0.10469 0.01096 0.00004 0.01100
4.56000 0.00701 0.10462 -0.00701 -0.10462 0.01095 0.00005 0.01100
4.57000 0.00806 0.10454 -0.00806 -0.10454 0.01093 0.00007 0.01100
4.58000 0.00910 0.10445 -0.00910 -0.10445 0.01091 0.00009 0.01100
4.59000 0.01015 0.10434 -0.01015 -0.10434 0.01089 0.00011 0.01100
4.60000 0.01119 0.10422 -0.01119 -0.10422 0.01086 0.00014 0.01100
4.61000 0.01223 0.10409 -0.01223 -0.10409 0.01084 0.00016 0.01100
4.62000 0.01327 0.10395 -0.01327 -0.10395 0.01081 0.00019 0.01100
4.63000 0.01431 0.10380 -0.01431 -0.10380 0.01077 0.00023 0.01100
4.64000 0.01535 0.10364 -0.01535 -0.10364 0.01074 0.00026 0.01100
4.65000 0.01638 0.10346 -0.01638 -0.10346 0.01070 0.00030 0.01100
4.66000 0.01742 0.10328 -0.01742 -0.10328 0.01067 0.00033 0.01100
4.67000 0.01845 0.10308 -0.01845 -0.10308 0.01063 0.00037 0.01100
4.68000 0.01948 0.10287 -0.01948 -0.10287 0.01058 0.00042 0.01100
4.69000 0.02051 0.10265 -0.02051 -0.10265 0.01054 0.00046 0.01100
4.70000 0.02153 0.10242 -0.02153 -0.10242 0.01049 0.00051 0.01100
4.71000 0.02255 0.10218 -0.02255 -0.10218 0.01044 0.00056 0.01100
4.72000 0.02357 0.10192 -0.02357 -0.10192 0.01039 0.00061 0.01100
4.73000 0.02459 0.10166 -0.02459 -0.10166 0.01033 0.00067 0.01100
4.74000 0.02561 0.10138 -0.02561 -0.10138 0.01028 0.00072 0.01100
4.75000 0.02662 0.10110 -0.02662 -0.10110 0.01022 0.00078 0.01100
4.76000 0.02763 0.10080 -0.02763 -0.10080 0.01016 0.00084 0.01100
4.77000 0.02864 0.10049 -0.02864 -0.10049 0.01010 0.00090 0.01100
4.78000 0.02964 0.10017 -0.02964 -0.10017 0.01003 0.00097 0.01100
4.79000 0.03064 0.09984 -0.03064 -0.09984 0.00997 0.00103 0.01100
4.80000 0.03164 0.09949 -0.03164 -0.09949 0.00990 0.00110 0.01100
4.81000 0.03263 0.09914 -0.03263 -0.09914 0.00983 0.00117 0.01100
4.82000 0.03362 0.09878 -0.03362 -0.09878 0.00976 0.00124 0.01100
4.83000 0.03461 0.09840 -0.03461 -0.09840 0.00968 0.00132 0.01100
4.84000 0.03559 0.09801 -0.03559 -0.09801 0.00961 0.00139 0.01100
4.85000 0.03657 0.09762 -0.03657 -0.09762 0.00953 0.00147 0.01100
4.86000 0.03754 0.09721 -0.03754 -0.09721 0.00945 0.00155 0.01100
4.87000 0.03851 0.09679 -0.03851 -0.09679 0.00937 0.00163 0.01100
4.88000 0.03948 0.09636 -0.03948 -0.09636 0.00929 0.00171 0.01100
4.89000 0.04044 0.09592 -0.04044 -0.09592 0.00920 0.00180 0.01100
4.90000 0.04139 0.09547 -0.04139 -0.09547 0.00912 0.00188 0.01100
4.91000 0.04235 0.09501 -0.04235 -0.09501 0.00903 0.00197 0.01100
4.92000 0.04329 0.09454 -0.04329 -0.09454 0.00894 0.00206 0.01100
4.93000 0.04424 0.09406 -0.04424 -0.09406 0.00885 0.00215 0.01100
4.94000 0.04518 0.09357 -0.04518 -0.09357 0.00876 0.00224 0.01100
4.95000 0.04611 0.09307 -0.04611 -0.09307 0.00866 0.00234 0.01100
4.96000 0.04704 0.09255 -0.04704 -0.09255 0.00857 0.00243 0.01100
4.97000 0.04796 0.09203 -0.04796 -0.09203 0.00847 0.00253 0.01100
4.98000 0.04888 0.09150 -0.04888 -0.09150 0.00837 0.00263 0.01100
4.99000 0.04979 0.09096 -0.04979 -0.09096 0.00827 0.00273 0.01100
5.00000 0.05070 0.09040 -0.05070 -0.09040 0.00817 0.00283 0.01100
5.01000 0.05160 0.08984 -0.05160 -0.08984 0.00807 0.00293 0.01100
5.02000 0.05249 0.08927 -0.05249 -0.08927 0.00797 0.00303 0.01100
5.03000 0.05338 0.08869 -0.05338 -0.08869 0.00787 0.00313 0.01100
5.04000 0.05427 0.08809 -0.05427 -0.08809 0.00776 0.00324 0.01100
5.05000 0.05514 0.08749 -0.05514 -0.08749 0.00765 0.00335 0.01100
5.06000 0.05602 0.08688 -0.05602 -0.08688 0.00755 0.00345 0.01100
5.07000 0.05688 0.08626 -0.05688 -0.08626 0.00744 0.00356 0.01100
5.08000 0.05774 0.08563 -0.05774 -0.08563 0.00733 0.00367 0.01100
5.09000 0.05859 0.08499 -0.05859 -0.08499 0.00722 0.00378 0.01100
5.10000 0.05944 0.08434 -0.05944 -0.08434 0.00711 0.00389 0.01100
5.11000 0.06028 0.08368 -0.06028 -0.08368 0.00700 0.00400 0.01100
5.12000 0.06111 0.08301 -0.06111 -0.08301 0.00689 0.00411 0.01100
5.13000 0.06194 0.08234 -0.06194 -0.08234 0.00678 0.00422 0.01100
5.14000 0.06276 0.08165 -0.06276 -0.08165 0.00667 0.00433 0.01100
5.15000 0.06357 0.08096 -0.06357 -0.08096 0.00655 0.00445 0.01100
5.16000 0.06438 0.08025 -0.06438 -0.08025 0.00644 0.00456 0.01100
5.17000 0.06518 0.07954 -0.06518 -0.07954 0.00633 0.00467 0.01100
5.18000 0.06597 0.07882 -0.06597 -0.07882 0.00621 0.00479 0.01100
5.19000 0.06676 0.07809 -0.06676 -0.07809 0.00610 0.00490 0.01100
5.20000 0.06753 0.07735 -0.06753 -0.07735 0.00598 0.00502 0.01100
5.21000 0.06830 0.07660 -0.06830 -0.07660 0.00587 0.00513 0.01100
5.22000 0.06907 0.07585 -0.06907 -0.07585 0.00575 0.00525 0.01100
5.23000 0.06982 0.07508 -0.06982 -0.07508 0.00564 0.00536 0.01100
5.24000 0.07057 0.07431 -0.07057 -0.07431 0.00552 0.00548 0.01100
5.25000 0.07131 0.07353 -0.07131 -0.07353 0.00541 0.00559 0.01100
5.26000 0.07204 0.07274 -0.07204 -0.07274 0.00529 0.00571 0.01100
5.27000 0.07276 0.07195 -0.07276 -0.07195 0.00518 0.00582 0.01100
5.28000 0.07348 0.07114 -0.07348 -0.07114 0.00506 0.00594 0.01100
5.29000 0.07418 0.07033 -0.07418 -0.07033 0.00495 0.00605 0.01100
5.30000 0.07488 0.06951 -0.07488 -0.06951 0.00483 0.00617 0.01100
5.31000 0.07557 0.06868 -0.07557 -0.06868 0.00472 0.00628 0.01100
5.32000 0.07626 0.06785 -0.07626 -0.06785 0.00460 0.00640 0.01100
5.33000 0.07693 0.06701 -0.07693 -0.06701 0.00449 0.00651 0.01100
5.34000 0.07760 0.06616 -0.07760 -0.06616 0.00438 0.00662 0.01100
5.35000 0.07825 0.06530 -0.07825 -0.06530 0.00426 0.00674 0.01100
5.36000 0.07890 0.06443 -0.07890 -0.06443 0.00415 0.00685 0.01100
5.37000 0.07954 0.06356 -0.07954 -0.06356 0.00404 0.00696 0.01100
5.38000 0.08017 0.06268 -0.08017 -0.06268 0.00393 0.00707 0.01100
5.39000 0.08080 0.06180 -0.08080 -0.06180 0.00382 0.00718 0.01100
5.40000 0.08141 0.06091 -0.08141 -0.06091 0.00371 0.00729 0.01100
5.41000 0.08201 0.06001 -0.08201 -0.06001 0.00360 0.00740 0.01100
5.42000 0.08261 0.05910 -0.08261 -0.05910 0.00349 0.00751 0.01100
5.43000 0.08320 0.05819 -0.08320 -0.05819 0.00339 0.00761 0.01100
5.44000 0.08377 0.05727 -0.08377 -0.05727 0.00328 0.00772 0.01100
5.45000 0.08434 0.05635 -0.08434 -0.05635 0.00318 0.00782 0.01100
5.46000 0.08490 0.05542 -0.08490 -0.05542 0.00307 0.00793 0.01100
5.47000 0.08545 0.05448 -0.08545 -0.05448 0.00297 0.00803 0.01100
5.48000 0.08599 0.05354 -0.08599 -0.05354 0.00287 0.00813 0.01100
5.49000 0.08652 0.05259 -0.08652 -0.05259 0.00277 0.00823 0.01100
5.50000 0.08704 0.05163 -0.08704 -0.05163 0.00267 0.00833 0.01100
5.51000 0.08755 0.05067 -0.08755 -0.05067 0.00257 0.00843 0.01100
5.52000 0.08806 0.04971 -0.08806 -0.04971 0.00247 0.00853 0.01100
5.53000 0.08855 0.04874 -0.08855 -0.04874 0.00238 0.00862 0.01100
5.54000 0.08903 0.04776 -0.08903 -0.04776 0.00228 0.00872 0.01100
5.55000 0.08950 0.04678 -0.08950 -0.04678 0.00219 0.00881 0.01100
5.56000 0.08997 0.04579 -0.08997 -0.04579 0.00210 0.00890 0.01100
5.57000 0.09042 0.04480 -0.09042 -0.04480 0.00201 0.00899 0.01100
5.58000 0.09086 0.04380 -0.09086 -0.04380 0.00192 0.00908 0.01100
5.59000 0.09129 0.04280 -0.09129 -0.04280 0.00183 0.00917 0.01100
5.60000 0.09172 0.04179 -0.09172 -0.04179 0.00175 0.00925 0.01100
5.61000 0.09213 0.04078 -0.09213 -0.04078 0.00166 0.00934 0.01100
5.62000 0.09253 0.03977 -0.09253 -0.03977 0.00158 0.00942 0.01100
5.63000 0.09293 0.03875 -0.09293 -0.03875 0.00150 0.00950 0.01100
5.64000 0.09331 0.03772 -0.09331 -0.03772 0.00142 0.00958 0.01100
5.65000 0.09368 0.03669 -0.09368 -0.03669 0.00135 0.00965 0.01100
5.66000 0.09404 0.03566 -0.09404 -0.03566 0.00127 0.00973 0.01100
5.67000 0.09439 0.03462 -0.09439 -0.03462 0.00120 0.00980 0.01100
5.68000 0.09473 0.03358 -0.09473 -0.03358 0.00113 0.00987 0.01100
5.69000 0.09507 0.03254 -0.09507 -0.03254 0.00106 0.00994 0.01100
5.70000 0.09539 0.03149 -0.09539 -0.03149 0.00099 0.01001 0.01100
5.71000 0.09570 0.03044 -0.09570 -0.03044 0.00093 0.01007 0.01100
5.72000 0.09599 0.02939 -0.09599 -0.02939 0.00086 0.01014 0.01100
5.73000 0.09628 0.02833 -0.09628 -0.02833 0.00080 0.01020 0.01100
5.74000 0.09656 0.02727 -0.09656 -0.02727 0.00074 0.01026 0.01100
5.75000 0.09683 0.02621 -0.09683 -0.02621 0.00069 0.01031 0.01100
5.76000 0.09708 0.02514 -0.09708 -0.02514 0.00063 0.01037 0.01100
5.77000 0.09733 0.02407 -0.09733 -0.02407 0.00058 0.01042 0.01100
5.78000 0.09757 0.02300 -0.09757 -0.02300 0.00053 0.01047 0.01100
5.79000 0.09779 0.02192 -0.09779 -0.02192 0.00048 0.01052 0.01100
5.80000 0.09800 0.02085 -0.09800 -0.02085 0.00043 0.01057 0.01100
5.81000 0.09821 0.01977 -0.09821 -0.01977 0.00039 0.01061 0.01100
5.82000 0.09840 0.01869 -0.09840 -0.01869 0.00035 0.01065 0.01100
5.83000 0.09858 0.01760 -0.09858 -0.01760 0.00031 0.01069 0.01100
5.84000 0.09875 0.01652 -0.09875 -0.01652 0.00027 0.01073 0.01100
5.85000 0.09891 0.01543 -0.09891 -0.01543 0.00024 0.01076 0.01100
5.86000 0.09906 0.01434 -0.09906 -0.01434 0.00021 0.01079 0.01100
5.87000 0.09920 0.01325 -0.09920 -0.01325 0.00018 0.01082 0.01100
5.88000 0.09933 0.01216 -0.09933 -0.01216 0.00015 0.01085 0.01100
5.89000 0.09944 0.01107 -0.09944 -0.01107 0.00012 0.01088 0.01100
5.90000 0.09955 0.00997 -0.09955 -0.00997 0.00010 0.01090 0.01100
5.91000 0.09964 0.00888 -0.09964 -0.00888 0.00008 0.01092 0.01100
5.92000 0.09972 0.00778 -0.09972 -0.00778 0.00006 0.01094 0.01100
5.93000 0.09980 0.00668 -0.09980 -0.00668 0.00004 0.01096 0.01100
5.94000 0.09986 0.00558 -0.09986 -0.00558 0.00003 0.01097 0.01100
5.95000 0.09991 0.00448 -0.09991 -0.00448 0.00002 0.01098 0.01100
5.96000 0.09995 0.00339 -0.09995 -0.00339 0.00001 0.01099 0.01100
5.97000 0.09998 0.00229 -0.09998 -0.00229 0.00001 0.01099 0.01100
5.98000 0.09999 0.00119 -0.09999 -0.00119 0.00000 0.01100 0.01100
5.99000 0.10000 0.00009 -0.10000 -0.00009 0.00000 0.01100 0.01100
6.00000 0.10000 -0.00101 -0.10000 0.00101 0.00000 0.01100 0.01100
6.01000 0.09998 -0.00211 -0.09998 0.00211 0.00000 0.01100 0.01100
6.02000 0.09995 -0.00321 -0.09995 0.00321 0.00001 0.01099 0.01100
6.03000 0.09992 -0.00431 -0.09992 0.00431 0.00002 0.01098 0.01100
6.04000 0.09987 -0.00541 -0.09987 0.00541 0.00003 0.01097 0.01100
6.05000 0.09981 -0.00651 -0.09981 0.00651 0.00004 0.01096 0.01100
6.06000 0.09974 -0.00761 -0.09974 0.00761 0.00006 0.01094 0.01100
6.07000 0.09966 -0.00870 -0.09966 0.00870 0.00008 0.01092 0.01100
6.08000 0.09956 -0.00980 -0.09956 0.00980 0.00010 0.01090 0.01100
6.09000 0.09946 -0.01089 -0.09946 0.01089 0.00012 0.01088 0.01100
6.10000 0.09934 -0.01199 -0.09934 0.01199 0.00014 0.01086 0.01100
6.11000 0.09922 -0.01308 -0.09922 0.01308 0.00017 0.01083 0.01100
6.12000 0.09908 -0.01417 -0.09908 0.01417 0.00020 0.01080 0.01100
6.13000 0.09894 -0.01526 -0.09894 0.01526 0.00023 0.01077 0.01100
6.14000 0.09878 -0.01635 -0.09878 0.01635 0.00027 0.01073 0.01100
6.15000 0.09861 -0.01743 -0.09861 0.01743 0.00030 0.01070 0.01100
6.16000 0.09843 -0.01852 -0.09843 0.01852 0.00034 0.01066 0.01100
6.17000 0.09824 -0.01960 -0.09824 0.01960 0.00038 0.01062 0.01100
6.18000 0.09804 -0.02068 -0.09804 0.02068 0.00043 0.01057 0.01100
6.19000 0.09783 -0.02175 -0.09783 0.02175 0.00047 0.01053 0.01100
6.20000 0.09760 -0.02283 -0.09760 0.02283 0.00052 0.01048 0.01100
6.21000 0.09737 -0.02390 -0.09737 0.02390 0.00057 0.01043 0.01100
6.22000 0.09712 -0.02497 -0.09712 0.02497 0.00062 0.01038 0.01100
6.23000 0.09687 -0.02604 -0.09687 0.02604 0.00068 0.01032 0.01100
6.24000 0.09660 -0.02710 -0.09660 0.02710 0.00073 0.01027 0.01100
6.25000 0.09633 -0.02816 -0.09633 0.02816 0.00079 0.01021 0.01100
6.26000 0.09604 -0.02922 -0.09604 0.02922 0.00085 0.01015 0.01100
6.27000 0.09574 -0.03028 -0.09574 0.03028 0.00092 0.01008 0.01100
6.28000 0.09543 -0.03133 -0.09543 0.03133 0.00098 0.01002 0.01100
6.29000 0.09512 -0.03238 -0.09512 0.03238 0.00105 0.00995 0.01100
6.30000 0.09479 -0.03342 -0.09479 0.03342 0.00112 0.00988 0.01100
6.31000 0.09445 -0.03446 -0.09445 0.03446 0.00119 0.00981 0.01100
6.32000 0.09410 -0.03550 -0.09410 0.03550 0.00126 0.00974 0.01100
6.33000 0.09374 -0.03653 -0.09374 0.03653 0.00133 0.00967 0.01100
6.34000 0.09337 -0.03756 -0.09337 0.03756 0.00141 0.00959 0.01100
6.35000 0.09299 -0.03859 -0.09299 0.03859 0.00149 0.00951 0.01100
6.36000 0.09260 -0.03961 -0.09260 0.03961 0.00157 0.00943 0.01100
6.37000 0.09219 -0.04062 -0.09219 0.04062 0.00165 0.00935 0.01100
6.38000 0.09178 -0.04163 -0.09178 0.04163 0.00173 0.00927 0.01100
6.39000 0.09136 -0.04264 -0.09136 0.04264 0.00182 0.00918 0.01100
6.40000 0.09093 -0.04364 -0.09093 0.04364 0.00190 0.00910 0.01100
6.41000 0.09049 -0.04464 -0.09049 0.04464 0.00199 0.00901 0.01100
6.42000 0.09004 -0.04564 -0.09004 0.04564 0.00208 0.00892 0.01100
6.43000 0.08958 -0.04662 -0.08958 0.04662 0.00217 0.00883 0.01100
6.44000 0.08910 -0.04761 -0.08910 0.04761 0.00227 0.00873 0.01100
6.45000 0.08862 -0.04858 -0.08862 0.04858 0.00236 0.00864 0.01100
6.46000 0.08813 -0.04956 -0.08813 0.04956 0.00246 0.00854 0.01100
6.47000 0.08763 -0.05052 -0.08763 0.05052 0.00255 0.00845 0.01100
6.48000 0.08712 -0.05148 -0.08712 0.05148 0.00265 0.00835 0.01100
6.49000 0.08660 -0.05244 -0.08660 0.05244 0.00275 0.00825 0.01100
6.50000 0.08607 -0.05339 -0.08607 0.05339 0.00285 0.00815 0.01100
6.51000 0.08554 -0.05433 -0.08554 0.05433 0.00295 0.00805 0.01100
6.52000 0.08499 -0.05527 -0.08499 0.05527 0.00305 0.00795 0.01100
6.53000 0.08443 -0.05620 -0.08443 0.05620 0.00316 0.00784 0.01100
6.54000 0.08386 -0.05713 -0.08386 0.05713 0.00326 0.00774 0.01100
6.55000 0.08329 -0.05805 -0.08329 0.05805 0.00337 0.00763 0.01100
6.56000 0.08270 -0.05896 -0.08270 0.05896 0.00348 0.00752 0.01100
6.57000 0.08211 -0.05987 -0.08211 0.05987 0.00358 0.00742 0.01100
6.58000 0.08151 -0.06077 -0.08151 0.06077 0.00369 0.00731 0.01100
6.59000 0.08089 -0.06166 -0.08089 0.06166 0.00380 0.00720 0.01100
6.60000 0.08027 -0.06255 -0.08027 0.06255 0.00391 0.00709 0.01100
6.61000 0.07964 -0.06343 -0.07964 0.06343 0.00402 0.00698 0.01100
6.62000 0.07900 -0.06430 -0.07900 0.06430 0.00413 0.00687 0.01100
6.63000 0.07836 -0.06516 -0.07836 0.06516 0.00425 0.00675 0.01100
6.64000 0.07770 -0.06602 -0.07770 0.06602 0.00436 0.00664 0.01100
6.65000 0.07704 -0.06687 -0.07704 0.06687 0.00447 0.00653 0.01100
6.66000 0.07636 -0.06772 -0.07636 0.06772 0.00459 0.00641 0.01100
6.67000 0.07568 -0.06855 -0.07568 0.06855 0.00470 0.00630 0.01100
6.68000 0.07499 -0.06938 -0.07499 0.06938 0.00481 0.00619 0.01100
6.69000 0.07429 -0.07020 -0.07429 0.07020 0.00493 0.00607 0.01100
6.70000 0.07359 -0.07102 -0.07359 0.07102 0.00504 0.00596 0.01100
6.71000 0.07287 -0.07182 -0.07287 0.07182 0.00516 0.00584 0.01100
6.72000 0.07215 -0.07262 -0.07215 0.07262 0.00527 0.00573 0.01100
6.73000 0.07142 -0.07341 -0.07142 0.07341 0.00539 0.00561 0.01100
6.74000 0.07068 -0.07419 -0.07068 0.07419 0.00550 0.00550 0.01100
6.75000 0.06994 -0.07496 -0.06994 0.07496 0.00562 0.00538 0.01100
6.76000 0.06918 -0.07573 -0.06918 0.07573 0.00573 0.00527 0.01100
6.77000 0.06842 -0.07649 -0.06842 0.07649 0.00585 0.00515 0.01100
6.78000 0.06765 -0.07723 -0.06765 0.07723 0.00597 0.00503 0.01100
6.79000 0.06688 -0.07797 -0.06688 0.07797 0.00608 0.00492 0.01100
6.80000 0.06609 -0.07871 -0.06609 0.07871 0.00619 0.00481 0.01100
6.81000 0.06530 -0.07943 -0.06530 0.07943 0.00631 0.00469 0.01100
6.82000 0.06451 -0.08014 -0.06451 0.08014 0.00642 0.00458 0.01100
6.83000 0.06370 -0.08085 -0.06370 0.08085 0.00654 0.00446 0.01100
6.84000 0.06289 -0.08154 -0.06289 0.08154 0.00665 0.00435 0.01100
6.85000 0.06207 -0.08223 -0.06207 0.08223 0.00676 0.00424 0.01100
6.86000 0.06124 -0.08291 -0.06124 0.08291 0.00687 0.00413 0.01100
6.87000 0.06041 -0.08358 -0.06041 0.08358 0.00699 0.00401 0.01100
6.88000 0.05957 -0.08424 -0.05957 0.08424 0.00710 0.00390 0.01100
6.89000 0.05873 -0.08489 -0.05873 0.08489 0.00721 0.00379 0.01100
6.90000 0.05788 -0.08553 -0.05788 0.08553 0.00732 0.00368 0.01100
6.91000 0.05702 -0.08616 -0.05702 0.08616 0.00742 0.00358 0.01100
6.92000 0.05615 -0.08678 -0.05615 0.08678 0.00753 0.00347 0.01100
6.93000 0.05528 -0.08740 -0.05528 0.08740 0.00764 0.00336 0.01100
6.94000 0.05440 -0.08800 -0.05440 0.08800 0.00774 0.00326 0.01100
6.95000 0.05352 -0.08859 -0.05352 0.08859 0.00785 0.00315 0.01100
6.96000 0.05263 -0.08918 -0.05263 0.08918 0.00795 0.00305 0.01100
6.97000 0.05174 -0.08975 -0.05174 0.08975 0.00806 0.00294 0.01100
6.98000 0.05084 -0.09032 -0.05084 0.09032 0.00816 0.00284 0.01100
6.99000 0.04993 -0.09087 -0.04993 0.09087 0.00826 0.00274 0.01100
7.00000 0.04902 -0.09142 -0.04902 0.09142 0.00836 0.00264 0.01100
7.01000 0.04810 -0.09195 -0.04810 0.09195 0.00845 0.00255 0.01100
7.02000 0.04718 -0.09247 -0.04718 0.09247 0.00855 0.00245 0.01100
7.03000 0.04625 -0.09299 -0.04625 0.09299 0.00865 0.00235 0.01100
7.04000 0.04532 -0.09349 -0.04532 0.09349 0.00874 0.00226 0.01100
7.05000 0.04438 -0.09398 -0.04438 0.09398 0.00883 0.00217 0.01100
7.06000 0.04344 -0.09447 -0.04344 0.09447 0.00892 0.00208 0.01100
7.07000 0.04249 -0.09494 -0.04249 0.09494 0.00901 0.00199 0.01100
7.08000 0.04154 -0.09540 -0.04154 0.09540 0.00910 0.00190 0.01100
7.09000 0.04059 -0.09585 -0.04059 0.09585 0.00919 0.00181 0.01100
7.10000 0.03963 -0.09630 -0.03963 0.09630 0.00927 0.00173 0.01100
7.11000 0.03866 -0.09673 -0.03866 0.09673 0.00936 0.00164 0.01100
7.12000 0.03769 -0.09715 -0.03769 0.09715 0.00944 0.00156 0.01100
7.13000 0.03672 -0.09755 -0.03672 0.09755 0.00952 0.00148 0.01100
7.14000 0.03574 -0.09795 -0.03574 0.09795 0.00959 0.00141 0.01100
7.15000 0.03476 -0.09834 -0.03476 0.09834 0.00967 0.00133 0.01100
7.16000 0.03377 -0.09872 -0.03377 0.09872 0.00975 0.00125 0.01100
7.17000 0.03278 -0.09908 -0.03278 0.09908 0.00982 0.00118 0.01100
7.18000 0.03179 -0.09944 -0.03179 0.09944 0.00989 0.00111 0.01100
7.19000 0.03080 -0.09978 -0.03080 0.09978 0.00996 0.00104 0.01100
7.20000 0.02980 -0.10012 -0.02980 0.10012 0.01002 0.00098 0.01100
7.21000 0.02879 -0.10044 -0.02879 0.10044 0.01009 0.00091 0.01100
7.22000 0.02779 -0.10075 -0.02779 0.10075 0.01015 0.00085 0.01100
7.23000 0.02678 -0.10105 -0.02678 0.10105 0.01021 0.00079 0.01100
7.24000 0.02577 -0.10134 -0.02577 0.10134 0.01027 0.00073 0.01100
7.25000 0.02475 -0.10162 -0.02475 0.10162 0.01033 0.00067 0.01100
7.26000 0.02373 -0.10188 -0.02373 0.10188 0.01038 0.00062 0.01100
7.27000 0.02271 -0.10214 -0.02271 0.10214 0.01043 0.00057 0.01100
7.28000 0.02169 -0.10238 -0.02169 0.10238 0.01048 0.00052 0.01100
7.29000 0.02067 -0.10262 -0.02067 0.10262 0.01053 0.00047 0.01100
7.30000 0.01964 -0.10284 -0.01964 0.10284 0.01058 0.00042 0.01100
7.31000 0.01861 -0.10305 -0.01861 0.10305 0.01062 0.00038 0.01100
7.32000 0.01758 -0.10325 -0.01758 0.10325 0.01066 0.00034 0.01100
7.33000 0.01654 -0.10344 -0.01654 0.10344 0.01070 0.00030 0.01100
7.34000 0.01551 -0.10361 -0.01551 0.10361 0.01074 0.00026 0.01100
7.35000 0.01447 -0.10378 -0.01447 0.10378 0.01077 0.00023 0.01100
7.36000 0.01343 -0.10393 -0.01343 0.10393 0.01080 0.00020 0.01100
7.37000 0.01239 -0.10407 -0.01239 0.10407 0.01083 0.00017 0.01100
7.38000 0.01135 -0.10420 -0.01135 0.10420 0.01086 0.00014 0.01100
7.39000 0.01031 -0.10432 -0.01031 0.10432 0.01088 0.00012 0.01100
7.40000 0.00927 -0.10443 -0.00927 0.10443 0.01091 0.00009 0.01100
7.41000 0.00822 -0.10453 -0.00822 0.10453 0.01093 0.00007 0.01100
7.42000 0.00718 -0.10461 -0.00718 0.10461 0.01094 0.00006 0.01100
7.43000 0.00613 -0.10468 -0.00613 0.10468 0.01096 0.00004 0.01100
7.44000 0.00508 -0.10475 -0.00508 0.10475 0.01097 0.00003 0.01100
7.45000 0.00403 -0.10480 -0.00403 0.10480 0.01098 0.00002 0.01100
7.46000 0.00299 -0.10483 -0.00299 0.10483 0.01099 0.00001 0.01100
7.47000 0.00194 -0.10486 -0.00194 0.10486 0.01100 0.00000 0.01100
7.48000 0.00089 -0.10488 -0.00089 0.10488 0.01100 0.00000 0.01100
7.49000 -0.00016 -0.10488 0.00016 0.10488 0.01100 0.00000 0.01100
7.50000 -0.00121 -0.10487 0.00121 0.10487 0.01100 0.00000 0.01100
7.51000 -0.00226 -0.10485 0.00226 0.10485 0.01099 0.00001 0.01100
7.52000 -0.00331 -0.10482 0.00331 0.10482 0.01099 0.00001 0.01100
7.53000 -0.00435 -0.10478 0.00435 0.10478 0.01098 0.00002 0.01100
7.54000 -0.00540 -0.10473 0.00540 0.10473 0.01097 0.00003 0.01100
7.55000 -0.00645 -0.10466 0.00645 0.10466 0.01095 0.00005 0.01100
7.56000 -0.00749 -0.10459 0.00749 0.10459 0.01094 0.00006 0.01100
7.57000 -0.00854 -0.10450 0.00854 0.10450 0.01092 0.00008 0.01100
7.58000 -0.00958 -0.10440 0.00958 0.10440 0.01090 0.00010 0.01100
7.59000 -0.01063 -0.10429 0.01063 0.10429 0.01088 0.00012 0.01100
7.60000 -0.01167 -0.10416 0.01167 0.10416 0.01085 0.00015 0.01100
7.61000 -0.01271 -0.10403 0.01271 0.10403 0.01082 0.00018 0.01100
7.62000 -0.01375 -0.10388 0.01375 0.10388 0.01079 0.00021 0.01100
7.63000 -0.01479 -0.10373 0.01479 0.10373 0.01076 0.00024 0.01100
7.64000 -0.01582 -0.10356 0.01582 0.10356 0.01072 0.00028 0.01100
7.65000 -0.01686 -0.10338 0.01686 0.10338 0.01069 0.00031 0.01100
7.66000 -0.01789 -0.10319 0.01789 0.10319 0.01065 0.00035 0.01100
7.67000 -0.01892 -0.10299 0.01892 0.10299 0.01061 0.00039 0.01100
7.68000 -0.01995 -0.10277 0.01995 0.10277 0.01056 0.00044 0.01100
7.69000 -0.02098 -0.10255 0.02098 0.10255 0.01052 0.00048 0.01100
7.70000 -0.02200 -0.10231 0.02200 0.10231 0.01047 0.00053 0.01100
7.71000 -0.02303 -0.10206 0.02303 0.10206 0.01042 0.00058 0.01100
7.72000 -0.02404 -0.10180 0.02404 0.10180 0.01036 0.00064 0.01100
7.73000 -0.02506 -0.10153 0.02506 0.10153 0.01031 0.00069 0.01100
7.74000 -0.02607 -0.10125 0.02607 0.10125 0.01025 0.00075 0.01100
7.75000 -0.02709 -0.10096 0.02709 0.10096 0.01019 0.00081 0.01100
7.76000 -0.02809 -0.10066 0.02809 0.10066 0.01013 0.00087 0.01100
7.77000 -0.02910 -0.10034 0.02910 0.10034 0.01007 0.00093 0.01100
7.78000 -0.03010 -0.10002 0.03010 0.10002 0.01000 0.00100 0.01100
7.79000 -0.03110 -0.09968 0.03110 0.09968 0.00994 0.00106 0.01100
7.80000 -0.03209 -0.09933 0.03209 0.09933 0.00987 0.00113 0.01100
7.81000 -0.03309 -0.09897 0.03309 0.09897 0.00980 0.00120 0.01100
7.82000 -0.03407 -0.09860 0.03407 0.09860 0.00972 0.00128 0.01100
7.83000 -0.03506 -0.09822 0.03506 0.09822 0.00965 0.00135 0.01100
7.84000 -0.03604 -0.09783 0.03604 0.09783 0.00957 0.00143 0.01100
7.85000 -0.03701 -0.09743 0.03701 0.09743 0.00949 0.00151 0.01100
7.86000 -0.03799 -0.09702 0.03799 0.09702 0.00941 0.00159 0.01100
7.87000 -0.03896 -0.09660 0.03896 0.09660 0.00933 0.00167 0.01100
7.88000 -0.03992 -0.09616 0.03992 0.09616 0.00925 0.00175 0.01100
7.89000 -0.04088 -0.09572 0.04088 0.09572 0.00916 0.00184 0.01100
7.90000 -0.04183 -0.09526 0.04183 0.09526 0.00907 0.00193 0.01100
7.91000 -0.04278 -0.09480 0.04278 0.09480 0.00899 0.00201 0.01100
7.92000 -0.04373 -0.09432 0.04373 0.09432 0.00890 0.00210 0.01100
7.93000 -0.04467 -0.09384 0.04467 0.09384 0.00881 0.00219 0.01100
7.94000 -0.04561 -0.09334 0.04561 0.09334 0.00871 0.00229 0.01100
7.95000 -0.04654 -0.09283 0.04654 0.09283 0.00862 0.00238 0.01100
7.96000 -0.04746 -0.09231 0.04746 0.09231 0.00852 0.00248 0.01100
7.97000 -0.04838 -0.09179 0.04838 0.09179 0.00843 0.00257 0.01100
7.98000 -0.04930 -0.09125 0.04930 0.09125 0.00833 0.00267 0.01100
7.99000 -0.05021 -0.09070 0.05021 0.09070 0.00823 0.00277 0.01100
8.00000 -0.05111 -0.09015 0.05111 0.09015 0.00813 0.00287 0.01100
8.01000 -0.05201 -0.08958 0.05201 0.08958 0.00802 0.00298 0.01100
8.02000 -0.05290 -0.08900 0.05290 0.08900 0.00792 0.00308 0.01100
8.03000 -0.05379 -0.08841 0.05379 0.08841 0.00782 0.00318 0.01100
8.04000 -0.05467 -0.08782 0.05467 0.08782 0.00771 0.00329 0.01100
8.05000 -0.05555 -0.08721 0.05555 0.08721 0.00761 0.00339 0.01100
8.06000 -0.05642 -0.08660 0.05642 0.08660 0.00750 0.00350 0.01100
8.07000 -0.05728 -0.08597 0.05728 0.08597 0.00739 0.00361 0.01100
8.08000 -0.05814 -0.08534 0.05814 0.08534 0.00728 0.00372 0.01100
8.09000 -0.05899 -0.08469 0.05899 0.08469 0.00717 0.00383 0.01100
8.10000 -0.05983 -0.08404 0.05983 0.08404 0.00706 0.00394 0.01100
8.11000 -0.06067 -0.08338 0.06067 0.08338 0.00695 0.00405 0.01100
8.12000 -0.06150 -0.08270 0.06150 0.08270 0.00684 0.00416 0.01100
8.13000 -0.06232 -0.08202 0.06232 0.08202 0.00673 0.00427 0.01100
8.14000 -0.06314 -0.08133 0.06314 0.08133 0.00662 0.00438 0.01100
8.15000 -0.06395 -0.08063 0.06395 0.08063 0.00650 0.00450 0.01100
8.16000 -0.06475 -0.07993 0.06475 0.07993 0.00639 0.00461 0.01100
8.17000 -0.06555 -0.07921 0.06555 0.07921 0.00627 0.00473 0.01100
8.18000 -0.06633 -0.07848 0.06633 0.07848 0.00616 0.00484 0.01100
8.19000 -0.06712 -0.07775 0.06712 0.07775 0.00605 0.00495 0.01100
8.20000 -0.06789 -0.07701 0.06789 0.07701 0.00593 0.00507 0.01100
8.21000 -0.06866 -0.07626 0.06866 0.07626 0.00582 0.00518 0.01100
8.22000 -0.06941 -0.07550 0.06941 0.07550 0.00570 0.00530 0.01100
8.23000 -0.07017 -0.07473 0.07017 0.07473 0.00558 0.00542 0.01100
8.24000 -0.07091 -0.07395 0.07091 0.07395 0.00547 0.00553 0.01100
8.25000 -0.07164 -0.07317 0.07164 0.07317 0.00535 0.00565 0.01100
8.26000 -0.07237 -0.07238 0.07237 0.07238 0.00524 0.00576 0.01100
8.27000 -0.07309 -0.07158 0.07309 0.07158 0.00512 0.00588 0.01100
8.28000 -0.07380 -0.07077 0.07380 0.07077 0.00501 0.00599 0.01100
8.29000 -0.07451 -0.06995 0.07451 0.06995 0.00489 0.00611 0.01100
8.30000 -0.07520 -0.06913 0.07520 0.06913 0.00478 0.00622 0.01100
8.31000 -0.07589 -0.06830 0.07589 0.06830 0.00466 0.00634 0.01100
8.32000 -0.07657 -0.06746 0.07657 0.06746 0.00455 0.00645 0.01100
8.33000 -0.07724 -0.06661 0.07724 0.06661 0.00444 0.00656 0.01100
8.34000 -0.07790 -0.06576 0.07790 0.06576 0.00432 0.00668 0.01100
8.35000 -0.07855 -0.06490 0.07855 0.06490 0.00421 0.00679 0.01100
8.36000 -0.07920 -0.06403 0.07920 0.06403 0.00410 0.00690 0.01100
8.37000 -0.07983 -0.06316 0.07983 0.06316 0.00399 0.00701 0.01100
8.38000 -0.08046 -0.06228 0.08046 0.06228 0.00388 0.00712 0.01100
8.39000 -0.08108 -0.06139 0.08108 0.06139 0.00377 0.00723 0.01100
8.40000 -0.08169 -0.06049 0.08169 0.06049 0.00366 0.00734 0.01100
8.41000 -0.08229 -0.05959 0.08229 0.05959 0.00355 0.00745 0.01100
8.42000 -0.08288 -0.05868 0.08288 0.05868 0.00344 0.00756 0.01100
8.43000 -0.08346 -0.05777 0.08346 0.05777 0.00334 0.00766 0.01100
8.44000 -0.08404 -0.05685 0.08404 0.05685 0.00323 0.00777 0.01100
8.45000 -0.08460 -0.05592 0.08460 0.05592 0.00313 0.00787 0.01100
8.46000 -0.08516 -0.05499 0.08516 0.05499 0.00302 0.00798 0.01100
8.47000 -0.08570 -0.05405 0.08570 0.05405 0.00292 0.00808 0.01100
8.48000 -0.08624 -0.05310 0.08624 0.05310 0.00282 0.00818 0.01100
8.49000 -0.08676 -0.05215 0.08676 0.05215 0.00272 0.00828 0.01100
8.50000 -0.08728 -0.05119 0.08728 0.05119 0.00262 0.00838 0.01100
8.51000 -0.08779 -0.05023 0.08779 0.05023 0.00252 0.00848 0.01100
8.52000 -0.08828 -0.04926 0.08828 0.04926 0.00243 0.00857 0.01100
8.53000 -0.08877 -0.04829 0.08877 0.04829 0.00233 0.00867 0.01100
8.54000 -0.08925 -0.04731 0.08925 0.04731 0.00224 0.00876 0.01100
8.55000 -0.08972 -0.04632 0.08972 0.04632 0.00215 0.00885 0.01100
8.56000 -0.09018 -0.04533 0.09018 0.04533 0.00206 0.00894 0.01100
8.57000 -0.09062 -0.04434 0.09062 0.04434 0.00197 0.00903 0.01100
8.58000 -0.09106 -0.04334 0.09106 0.04334 0.00188 0.00912 0.01100
8.59000 -0.09149 -0.04234 0.09149 0.04234 0.00179 0.00921 0.01100
8.60000 -0.09191 -0.04133 0.09191 0.04133 0.00171 0.00929 0.01100
8.61000 -0.09232 -0.04031 0.09232 0.04031 0.00163 0.00937 0.01100
8.62000 -0.09272 -0.03930 0.09272 0.03930 0.00154 0.00946 0.01100
8.63000 -0.09310 -0.03827 0.09310 0.03827 0.00146 0.00954 0.01100
8.64000 -0.09348 -0.03725 0.09348 0.03725 0.00139 0.00961 0.01100
8.65000 -0.09385 -0.03622 0.09385 0.03622 0.00131 0.00969 0.01100
8.66000 -0.09421 -0.03518 0.09421 0.03518 0.00124 0.00976 0.01100
8.67000 -0.09455 -0.03415 0.09455 0.03415 0.00117 0.00983 0.01100
8.68000 -0.09489 -0.03310 0.09489 0.03310 0.00110 0.00990 0.01100
8.69000 -0.09521 -0.03206 0.09521 0.03206 0.00103 0.00997 0.01100
8.70000 -0.09553 -0.03101 0.09553 0.03101 0.00096 0.01004 0.01100
8.71000 -0.09583 -0.02996 0.09583 0.02996 0.00090 0.01010 0.01100
8.72000 -0.09613 -0.02890 0.09613 0.02890 0.00084 0.01016 0.01100
8.73000 -0.09641 -0.02784 0.09641 0.02784 0.00078 0.01022 0.01100
8.74000 -0.09669 -0.02678 0.09669 0.02678 0.00072 0.01028 0.01100
8.75000 -0.09695 -0.02571 0.09695 0.02571 0.00066 0.01034 0.01100
8.76000 -0.09720 -0.02465 0.09720 0.02465 0.00061 0.01039 0.01100
8.77000 -0.09744 -0.02358 0.09744 0.02358 0.00056 0.01044 0.01100
8.78000 -0.09767 -0.02250 0.09767 0.02250 0.00051 0.01049 0.01100
8.79000 -0.09789 -0.02143 0.09789 0.02143 0.00046 0.01054 0.01100
8.80000 -0.09810 -0.02035 0.09810 0.02035 0.00041 0.01059 0.01100
8.81000 -0.09830 -0.01927 0.09830 0.01927 0.00037 0.01063 0.01100
8.82000 -0.09849 -0.01819 0.09849 0.01819 0.00033 0.01067 0.01100
8.83000 -0.09866 -0.01710 0.09866 0.01710 0.00029 0.01071 0.01100
8.84000 -0.09883 -0.01602 0.09883 0.01602 0.00026 0.01074 0.01100
8.85000 -0.09898 -0.01493 0.09898 0.01493 0.00022 0.01078 0.01100
8.86000 -0.09913 -0.01384 0.09913 0.01384 0.00019 0.01081 0.01100
8.87000 -0.09926 -0.01275 0.09926 0.01275 0.00016 0.01084 0.01100
8.88000 -0.09938 -0.01165 0.09938 0.01165 0.00014 0.01086 0.01100
8.89000 -0.09949 -0.01056 0.09949 0.01056 0.00011 0.01089 0.01100
8.90000 -0.09959 -0.00947 0.09959 0.00947 0.00009 0.01091 0.01100
8.91000 -0.09968 -0.00837 0.09968 0.00837 0.00007 0.01093 0.01100
8.92000 -0.09976 -0.00727 0.09976 0.00727 0.00005 0.01095 0.01100
8.93000 -0.09983 -0.00618 0.09983 0.00618 0.00004 0.01096 0.01100
8.94000 -0.09988 -0.00508 0.09988 0.00508 0.00003 0.01097 0.01100
8.95000 -0.09993 -0.00398 0.09993 0.00398 0.00002 0.01098 0.01100
8.96000 -0.09996 -0.00288 0.09996 0.00288 0.00001 0.01099 0.01100
8.97000 -0.09999 -0.00178 0.09999 0.00178 0.00000 0.01100 0.01100
8.98000 -0.10000 -0.00068 0.10000 0.00068 0.00000 0.01100 0.01100
8.99000 -0.10000 0.00042 0.10000 -0.00042 0.00000 0.01100 0.01100
9.00000 -0.09999 0.00152 0.09999 -0.00152 0.00000 0.01100 0.01100
9.01000 -0.09997 0.00262 0.09997 -0.00262 0.00001 0.01099 0.01100
9.02000 -0.09994 0.00372 0.09994 -0.00372 0.00001 0.01099 0.01100
9.03000 -0.09989 0.00482 0.09989 -0.00482 0.00002 0.01098 0.01100
9.04000 -0.09984 0.00592 0.09984 -0.00592 0.00004 0.01096 0.01100
9.05000 -0.09978 0.00702 0.09978 -0.00702 0.00005 0.01095 0.01100
9.06000 -0.09970 0.00811 0.09970 -0.00811 0.00007 0.01093 0.01100
9.07000 -0.09961 0.00921 0.09961 -0.00921 0.00008 0.01092 0.01100
9.08000 -0.09952 0.01030 0.09952 -0.01030 0.00011 0.01089 0.01100
9.09000 -0.09941 0.01140 0.09941 -0.01140 0.00013 0.01087 0.01100
9.10000 -0.09929 0.01249 0.09929 -0.01249 0.00016 0.01084 0.01100
9.11000 -0.09916 0.01358 0.09916 -0.01358 0.00018 0.01082 0.01100
9.12000 -0.09902 0.01467 0.09902 -0.01467 0.00022 0.01078 0.01100
9.13000 -0.09886 0.01576 0.09886 -0.01576 0.00025 0.01075 0.01100
9.14000 -0.09870 0.01685 0.09870 -0.01685 0.00028 0.01072 0.01100
9.15000 -0.09853 0.01793 0.09853 -0.01793 0.00032 0.01068 0.01100
9.16000 -0.09834 0.01902 0.09834 -0.01902 0.00036 0.01064 0.01100
9.17000 -0.09815 0.02010 0.09815 -0.02010 0.00040 0.01060 0.01100
9.18000 -0.09794 0.02117 0.09794 -0.02117 0.00045 0.01055 0.01100
9.19000 -0.09772 0.02225 0.09772 -0.02225 0.00050 0.01050 0.01100
9.20000 -0.09750 0.02332 0.09750 -0.02332 0.00054 0.01046 0.01100
9.21000 -0.09726 0.02440 0.09726 -0.02440 0.00060 0.01040 0.01100
9.22000 -0.09701 0.02546 0.09701 -0.02546 0.00065 0.01035 0.01100
9.23000 -0.09675 0.02653 0.09675 -0.02653 0.00070 0.01030 0.01100
9.24000 -0.09648 0.02759 0.09648 -0.02759 0.00076 0.01024 0.01100
9.25000 -0.09620 0.02865 0.09620 -0.02865 0.00082 0.01018 0.01100
9.26000 -0.09590 0.02971 0.09590 -0.02971 0.00088 0.01012 0.01100
9.27000 -0.09560 0.03076 0.09560 -0.03076 0.00095 0.01005 0.01100
9.28000 -0.09529 0.03181 0.09529 -0.03181 0.00101 0.00999 0.01100
9.29000 -0.09497 0.03286 0.09497 -0.03286 0.00108 0.00992 0.01100
9.30000 -0.09463 0.03390 0.09463 -0.03390 0.00115 0.00985 0.01100
9.31000 -0.09429 0.03494 0.09429 -0.03494 0.00122 0.00978 0.01100
9.32000 -0.09393 0.03598 0.09393 -0.03598 0.00129 0.00971 0.01100
9.33000 -0.09357 0.03701 0.09357 -0.03701 0.00137 0.00963 0.01100
9.34000 -0.09319 0.03803 0.09319 -0.03803 0.00145 0.00955 0.01100
9.35000 -0.09281 0.03906 0.09281 -0.03906 0.00153 0.00947 0.01100
9.36000 -0.09241 0.04008 0.09241 -0.04008 0.00161 0.00939 0.01100
9.37000 -0.09201 0.04109 0.09201 -0.04109 0.00169 0.00931 0.01100
9.38000 -0.09159 0.04210 0.09159 -0.04210 0.00177 0.00923 0.01100
9.39000 -0.09116 0.04310 0.09116 -0.04310 0.00186 0.00914 0.01100
9.40000 -0.09073 0.04411 0.09073 -0.04411 0.00195 0.00905 0.01100
9.41000 -0.09028 0.04510 0.09028 -0.04510 0.00203 0.00897 0.01100
9.42000 -0.08983 0.04609 0.08983 -0.04609 0.00212 0.00888 0.01100
9.43000 -0.08936 0.04708 0.08936 -0.04708 0.00222 0.00878 0.01100
9.44000 -0.08888 0.04806 0.08888 -0.04806 0.00231 0.00869 0.01100
9.45000 -0.08840 0.04903 0.08840 -0.04903 0.00240 0.00860 0.01100
9.46000 -0.08790 0.05000 0.08790 -0.05000 0.00250 0.00850 0.01100
9.47000 -0.08740 0.05097 0.08740 -0.05097 0.00260 0.00840 0.01100
9.48000 -0.08688 0.05192 0.08688 -0.05192 0.00270 0.00830 0.01100
9.49000 -0.08636 0.05288 0.08636 -0.05288 0.00280 0.00820 0.01100
9.50000 -0.08583 0.05382 0.08583 -0.05382 0.00290 0.00810 0.01100
9.51000 -0.08528 0.05477 0.08528 -0.05477 0.00300 0.00800 0.01100
9.52000 -0.08473 0.05570 0.08473 -0.05570 0.00310 0.00790 0.01100
9.53000 -0.08417 0.05663 0.08417 -0.05663 0.00321 0.00779 0.01100
9.54000 -0.08360 0.05755 0.08360 -0.05755 0.00331 0.00769 0.01100
9.55000 -0.08302 0.05847 0.08302 -0.05847 0.00342 0.00758 0.01100
9.56000 -0.08243 0.05938 0.08243 -0.05938 0.00353 0.00747 0.01100
9.57000 -0.08183 0.06028 0.08183 -0.06028 0.00363 0.00737 0.01100
9.58000 -0.08122 0.06118 0.08122 -0.06118 0.00374 0.00726 0.01100
9.59000 -0.08061 0.06207 0.08061 -0.06207 0.00385 0.00715 0.01100
9.60000 -0.07998 0.06295 0.07998 -0.06295 0.00396 0.00704 0.01100
9.61000 -0.07935 0.06383 0.07935 -0.06383 0.00407 0.00693 0.01100
9.62000 -0.07871 0.06470 0.07871 -0.06470 0.00419 0.00681 0.01100
9.63000 -0.07805 0.06556 0.07805 -0.06556 0.00430 0.00670 0.01100
9.64000 -0.07740 0.06642 0.07740 -0.06642 0.00441 0.00659 0.01100
9.65000 -0.07673 0.06726 0.07673 -0.06726 0.00452 0.00648 0.01100
9.66000 -0.07605 0.06810 0.07605 -0.06810 0.00464 0.00636 0.01100
9.67000 -0.07536 0.06894 0.07536 -0.06894 0.00475 0.00625 0.01100
9.68000 -0.07467 0.06976 0.07467 -0.06976 0.00487 0.00613 0.01100
9.69000 -0.07397 0.07058 0.07397 -0.07058 0.00498 0.00602 0.01100
9.70000 -0.07326 0.07139 0.07326 -0.07139 0.00510 0.00590 0.01100
9.71000 -0.07254 0.07219 0.07254 -0.07219 0.00521 0.00579 0.01100
9.72000 -0.07182 0.07298 0.07182 -0.07298 0.00533 0.00567 0.01100
9.73000 -0.07108 0.07377 0.07108 -0.07377 0.00544 0.00556 0.01100
9.74000 -0.07034 0.07455 0.07034 -0.07455 0.00556 0.00544 0.01100
9.75000 -0.06959 0.07532 0.06959 -0.07532 0.00567 0.00533 0.01100
9.76000 -0.06883 0.07608 0.06883 -0.07608 0.00579 0.00521 0.01100
9.77000 -0.06807 0.07683 0.06807 -0.07683 0.00590 0.00510 0.01100
9.78000 -0.06730 0.07758 0.06730 -0.07758 0.00602 0.00498 0.01100
9.79000 -0.06652 0.07831 0.06652 -0.07831 0.00613 0.00487 0.01100
9.80000 -0.06573 0.07904 0.06573 -0.07904 0.00625 0.00475 0.01100
9.81000 -0.06494 0.07976 0.06494 -0.07976 0.00636 0.00464 0.01100
9.82000 -0.06414 0.08047 0.06414 -0.08047 0.00648 0.00452 0.01100
9.83000 -0.06333 0.08117 0.06333 -0.08117 0.00659 0.00441 0.01100
9.84000 -0.06251 0.08186 0.06251 -0.08186 0.00670 0.00430 0.01100
9.85000 -0.06169 0.08255 0.06169 -0.08255 0.00681 0.00419 0.01100
9.86000 -0.06086 0.08322 0.06086 -0.08322 0.00693 0.00407 0.01100
9.87000 -0.06003 0.08388 0.06003 -0.08388 0.00704 0.00396 0.01100
9.88000 -0.05918 0.08454 0.05918 -0.08454 0.00715 0.00385 0.01100
9.89000 -0.05834 0.08519 0.05834 -0.08519 0.00726 0.00374 0.01100
9.90000 -0.05748 0.08582 0.05748 -0.08582 0.00737 0.00363 0.01100
9.91000 -0.05662 0.08645 0.05662 -0.08645 0.00747 0.00353 0.01100
9.92000 -0.05575 0.08707 0.05575 -0.08707 0.00758 0.00342 0.01100
9.93000 -0.05488 0.08768 0.05488 -0.08768 0.00769 0.00331 0.01100
9.94000 -0.05400 0.08828 0.05400 -0.08828 0.00779 0.00321 0.01100
9.95000 -0.05311 0.08886 0.05311 -0.08886 0.00790 0.00310 0.01100
9.96000 -0.05222 0.08944 0.05222 -0.08944 0.00800 0.00300 0.01100
9.97000 -0.05132 0.09001 0.05132 -0.09001 0.00810 0.00290 0.01100
9.98000 -0.05042 0.09057 0.05042 -0.09057 0.00820 0.00280 0.01100
9.99000 -0.04951 0.09112 0.04951 -0.09112 0.00830 0.00270 0.01100
